-1.85,-0.5999999999999999,0.973905489987651875413077851129888571644153783051350473244783883809808899082968688610865392326401625824161681234036551986800907570956015589676563257695054719303794836143896438824335443359296975355592131418526181657241554151753615649150172075732351618705014560261944722734719452378002706607450040289631614775532361394660703067640693691242512304486726062276715407810963633242048519102271327469754477046981298222325729294835877774968174670855512207018915882745452109474330739053826797831100128154395354654995205523722480392578956,0.00000000000128447068744793407449073292377333149889151447712509624832503083679283460630411287109584506586807609150904291335210405911260003148211033413781616330928617013757083141057665625970073616411741113493284593498115017543394643174481072380923516332128019796872407829144021929478017081467044957616587887239275292028138124208546263233823395927830226639324340895943700960304641403577739847198627458123199302491859986605711063554857151309282997983384919540356131347886543820520273083757011188662616738492265399086054436421560167676691925,0.0000000000000000539533646932856914025609711978043062480477907827342630473820964638919708009046154695430547867606106740852929844708617149917758509276621333464080338569894886852719822367769160346487078338567771176011760871925607668850871495486658209769682688094903093875764867582637658809933626808729815924220407932043917810503830045844866502019681153780896543745698967801711198867857902679747623001809361907175583276382382062236558471253417177512495567200459181197379409631411448914303062823997412534918282761374860960565991541989173658413483,0.0000000000000000000269960853217946210584999530849148593397132086875417831621200370501007412024672963126920130841523620746243013414495973446372757146090925350432391458375629181837771589089153291638905460731825894080836771801447643248289555608939988419036226199830546363380612745743953254626690357874604417462056444451628149930236746442331221434435870513212522122019544714588812653465739834595838604114699821334143318686481438620534808466702992016150429057876280411071286455306432357875793446548158260964183209645757593020113518646059400811818171,0.00000000000000256063219072989375279146232461241023793606089001846914147307155206932330205500935769878646302170273186918412040518265136500765769273920556954941447600684354099948843848029248784989770236910439146254398278520644522193716391538868147815969150858679564340475803517494438249264102973396756214053586562290543145701302948270669601927296599993070431107016291838283531861456602753500958528729979994053942616014300342915466645836029600286020557479277341771031749388655964243545045288483921987102071033535507212730554805457054698951796,0.000000000000000778855176171451813253505493950887113325356499839364525310756193804016633991255579107641481976675469234395663943219474597426677877287969124598791438373896655464932510471055396325884011936201394717724671280645454675317372432295394145768574320582055327226622092480300429465931904390177776665128473512073720231163031090609450110139956928691096318396501427346537398407664314220421521078038349256287724215694643621232474071376460442105980573168650858135993058248722132581223520185244414108616337375377942805898675770106346835496563,0.0000000000000000195245115912878229158266435177552659004431879845864451620316493142066033868724118583170952835895493432845681732628239386492025268413743248920599002712985238695780089346350871563711439433870088486952316549646447767819471717574755934566045694946796623997346970690732009033093356809368902557442908876467786714707916233814486359839564143407842485625702563728958065886956238667816627520717890223441475806237938112863511323516195977522845835083149608798908693952782105360414444563958000526679706064511274312224851571043210082776187,0.0000000000000000108110895677041705489155247770243562170170102943917814746800306786807060518143138621540968945629376020477330222654141037468618928871096471037813703576234579123726933061650307513068036322496023004640702636649766347266917113676259166061145889842729767100598174953900870202165513175629722939910889788848222793090077980335197457941405309940945573190331864255539690358246232970039923904421849006828338391409093562949548854214544308178109045884126503877840888544858913879507041669377157761207029515817370611880875179882052891789636,0.000000000487498242207295643319819830691417981580396764881514090218920840096586427130032315308201923290332561578608790962734587843122562247304925614509788552178802456697396447082693340762672771147138736251540319227466320572854480124209652904405514921045498185692059484271032323455024226510467273410273990988262128008030147881318235639453829077492033453468543590371773672467500596574007008732747975597828092721232970300843603758750394417617386121053800436115215723676755366376284693259896403572124867388264283355556968735374539168555287,0.0000000000000000115475337671426595169141793804586060466464959294310375495359861127301171776607720451072341408051858952308199075407752106593207277855490887720049364285044782572225703170845231634237181798461096549209290151700738415677887048209344397163104941822902483102002994856575093747813814314635642439785439895601471542289448248884461980284563782862955821127172676127388931432110983988599730713582293658663716870059223801924578882446874264084772388917955121808092888414056310240334734784592074940966236598194702945563224837723902764001154,0.00000000000000345337995338673634294732426488937414032550740823311827266205867569791965651231697373617988532153062226546745609461195376136606269493689006358697219974772481328400666713210031617052148087958752378452561638023046479751653843230013615230740362178371634230889240556665404667937376183662779649276657255015311170330982742440884893099075091704525982263170648346169370961030731246013882996965711852933578587926791214539915188249600171355895515638105726461155469010921687443007398410417052175934219698679700234704902953617050225065046,0.00000000000414036274179492185306082522911589652001009646790941381147316223207229865311237868850353037116849619434763404463019118335622823169686373233589367620288171873367396126960355985602384174261597693188883018869963336658647395718352821385243158104919465566975624149112075318745405932940647153946204815056212639879196529801405667436512451483162740048895644639904800301397577768959063182264837992842009251671193969772370722168765070421059040487428146726782077917631409808804078624366242554424218199822646149038305708595723985841138838,0.0000000000000179763857647835711441099816936114306096376503157913933042940417434714820699397362388824002257836144456734771517254558264611621083148465029845001705309230852813472630946369901343014699405895884250322004338389051591384512559318700149336920917536542139783587872668562406366535922752061856792528968523292482144695909211241485679085719344826077593637375341328915876537437263080121491014813548947162854710494110392947073382335017212605261125258138388358910289992939273228394474330287869655145422117122051895057053160867867412029674,0.0000000000133046515705681864472458661132056045454895518689125364679182675840117775724206974770072711077482836572142244211390815294459512736711417775104743733716498968940846917294610981565302245304978425732928297276232166821432726101378763150085892087591635189169877205405054577697611344592658793562732720245331990947766861816334322349697217935890373839335181803128332419484609189953851786537935709016532745361532514482367331390474652018231880729832677202970733011809208527703046190030352300292723623424752892949137743106395443957261181,0.000000000136048502598189751236017951369906229374745345053288578579440289116490811210679998952359310814361867005810353219867767098817568396442816232448506878260788045937076688580662914340377914372974702845195727641524989038985066533038062003605925166384668408547278638206091132865287342723263132061193943638364658064155956970308936015808472101143270631794383698120843167989804620854667445175664597697649936991840091357712624474579804700434667213453534380293409820836822031822395159100634501628094893068045718902760770736487304792305329,0.999999999356548160212923949519163271965348992858848188825557545204952786621576222348900776531137531105722190709304446124832787229770156801471611594398133925237682139328085243136482481478186465990684543384746024615650932369128085790235100411183299686392045587804879444111457240651582927682528257666430893862841408634866363294295211802454065835025739367615575884860135687815522965980014750726896720920613367003464194662441424733887901071143221163550447568661141537619033009882348570990379190500082694499708650474006060322185922,0.00000000000029188574299067763227221080579151333359689660535913446705780688226579000964796995091869207625313028402610463702230908227488900057690106188467514059122816664339951653878907282072493191219372462977218347012642194292561786116967017104351700099527013566087445868534956473508400482411266223631186511068826748982372221215494480969291889953944752387365926182664739862113887403334929913763713456803082763131628906890339554464912846511893281010420610859512886711074611076218881573531790445203326121719759096418646921101343983343268666
-1.85,-0.5999999999999999,0.973905489987651875413077851129888571644153783051350473244783883809808899082968688610865392326401625824161681234036551986800907570956015589676563257695054719303794836143896438824335443359296975355592131418526181657241554151753615649150172075732351618705014560261944722734719452378002706607450040289631614775532361394660703067640693691242512304486726062276715407810963633242048519102271327469754477046981298222325729294835877774968174670855512207018915882745452109474330739053826797831100128154395354654995205523722480392578956,0.00000000000000000370693428236263486993776451830340661745980584706664668715119097280145198678195055995716338621966741319424574498267990512284211914272781341436378451412082499884214726275566909223346778703820702412026129751423772568476372036877113621451768692117459973211347983197574873737941590497566355130506460971748351147858869435619846058854859968518833990333326333448874333124820435825510096241066998105518024477849463546054194750104715685357665839755773272823297711111436996913759525416444301065710385414552142422895115679233773310061932,0.0000000000000000539533592704506848993096374548267980556227583257356024320773665805664331793511743730647012940077791856048130454368064902301151368837897436712596874356220956770186072213714355544811352781028655522323678666930180281069849516347570625584031826524578937654729084936122408387857111430483233947593023287665073632256799381932749512044449243595255123868289081138312580529215868936688725116964648053693383056117382915127179727141009493114725685089674870268987853262178037364015398948895335123155368496939405798213008556853115565290648,0.0000000000000000000269960826084269643832461120653221640434273483485563657599905431055585324379244782824013862016283054973389164802238061000300921167957205274708110528244042871821699390326646837389947139063894244446007264638277055734692498391386922866702696353495071322410659127554961822379605632160603459516263189079148872496458848972819518809971388661313129206864660597564743308396903567828207822202208160936639540247227455221787239731158546124742479131331753382734178019527400115933621649846202381123925015355442952321950158795455413616956022,0.0000000000000000000000000213316763290177443010890582201461099516848938858072488243475178377282473529803790842948390794325610298675264330715435063336137581587349749568429164445447891734527191117840101401576400537403660024865687381002258695971087745409198209579695474682533913721293410951093883271300244110627892377418704892038522036158428356942900408934694103126732350611006800769567980949461188378411692803014415247718102512570414430560711991589289898002408093660176169272589737009389696941216414114739162206689022454433254867016910212644250635360738,0.0000000000000000000022477468592778418715846481403814131313301518663129146148503697527808223906988803687134333511518485724959915597889222034526592266995033133765081353381564501582287033777257972602816615709002230125730784614301882513825017602490206319493283415599014430502272831820047614101092807151537033920008994537917975610339892846581717829801768593258268604092113243484962057106663876605624501885685296091473610347513664197756863092938748739518143468930743087887138229186259553819710661388816623040377012411668564847262896340566296467470106,0.0000000000000000000000563470089830798347352018168185061628034877894732824220394786178611157171256142701273455681693969989674916481011190555234350417719499182115378081950835820509212428405777074376812370208496627652002504406407777631038339235683670002460644419235698038841806246143336596622161703363560607905411800236932814098883755902815860121199887860387331024915592147756227020319297300131842869969864254098929325514646428044743405035066818555973991549196379141800949562290984233733173631121148192657762270344967091024831995396443323912998639147,0.0000000000000000000000312003994640322265631875852009261651225599733102390344105646744992468111322876769532558003435406722603685763880057213440296004020472514394034708213702802266540237840312512526321029830423462075230970516630032942112814455491779736131796964278223321827077284294397725753154116383855916767056927908032013583709731090966075741557631164813753395039069671702612482325828932070723933436937124102436555372759432844442576590058617377561070534186591443724132542630961004751244281867752763287874516689552478957864794312518849844549453387,0.00000000000000140690166329934179178333595104134137772992098249241725431474169807603963840780647323467754905692511552694710841615264248653118099290883891707154416349899314638747261436441808015629093420154793768409686842229449054068789655741170207658419845862355370755570832665742028855417242425119633212494704618430814842661566955324001235449564360749644923103574401492523272674069182707583960507995586340424526534387346005702981687495381974766869862219287869225455081580346706252881791718612890922433663655654148291067181104987370612226808,0.0000000000000000115449706811103469205027703686948617882202156669213804686502229246244063094274708946218796756213327971811583775422856284175160078928732415844185937233088545852935781568213434290297830817471004446419592355688510753474751203589571136237326139165271578203324401391410982043604549939430231688657322190413405293033275434979019252824236577118893864478738262206772920887903928337645955324713838154666268882397905755444490655279007832555352572258101864257537128171959464986820438791365827573072879137537294736141402281288931184681599,0.0000000000000000000000000287624439443440702842725736870961241136966976117647310126188657208066413536749167964355123837329067660036247357072358921777378285553880052380070779885189677704476998138890291663782792295058230909881020076922072084201677415181355829086020131531363089327087382620096247495977612505266605858426627045757848782159442504726774965477419543199853262858160531416215530412096463192985617225255873067558385730583778431971875826289529543077480327709140617674790542144970476967422885109699620328835089535626437997234182907255689504158541,0.0000000000000000119489317576183941728102551862143139248678851262944325331158409530949717341045918637565356181929696641873224237273423985341681462852244414235626072591563124426783341911019696111326556395645867808790086941649260834424705960838679432792943176875910838075808874524016851137326480077341819645133185598616830321114366400494286247483762429694392176642679337292643961751811534431469294566571431109317916084569136958407671320360173920940220685999405155391341734584751062731736337195639258908539092863230931285962733120431610045838253,0.0000000000000179763839579829171505683026081088160092408241963948166987231507539596688635116494868857771493603495620588921484027767972523832979231425045445360544793312224637090262411900797628111640859668586145612905666133901086621803418555916533037221554276141283400892258677633485792956020880925694898503676375369688611705842581768135041828678118072718854679959573878659586906192183785382534225096112249521774453949347847563700302646317356648341884856376863137717048207566045626675065591071559235691144582408107715915602893076427098029328,0.0000000000133046502333220166048614507627607653773457964862317823504010121874032707608378084458937434396906380729399099928710780446797628556268190758384914497457410318473815951145097986938286245412184635507564094998107354432030790701862679978137465704712863990526852825959139517381285175412838304442861218547070445289976473284359931993813578335192195873086455937920926404348092803578698620068117650947265442856567137887640868606129506864080849351151788699175801871743719267711384004059591027227028508264577790042828062511560474215382332,0.00000000000000000000113311812847434044611501955704289800905808262267209816287180391232318418870980302701778434772067618729719947234579451201526918629797273347084490283441755966670677683007548801478818894892793792904532958507193230181455086397759994009171494818576204513575003702854450365002063937456039378621131093398201852084484597009427100388758898186830433620901000993945662805486742277288737735623520421082970603749420862420738829492491045149159736560262671044985530603032547731959331958643967363785776562626263277392307149281555636952470344,0.999999898846872198295108898538155230227310423342750285886363498088635031193564580820026734980281455963811028281277503974802954265431183894565922729266326306562332310063701672477800988488905375391171943946934625467576176351289655425123329867391651317336137339904980521769786600336536425675099453786052337244067043102415966161349282182939585603199848789624950656323541605150440461571790537936445412910212603364488918840728005463994782065807135006962169990362895902300985192857535635990954120994423870485859924119278861296816804,0.000000101139803684522652015697885961579360255538312193554328638643316367371605935865249000371690848642420943676332573355689843279551900582596335472813450496888850679757727059690158681868713578440641202955181927720915500550748214197162847470420133293130977638297872570018320803250589892627824020416178112320992145023262352555047412098310369374978232571412890099246456468160449540587660803072002153683970874273340198930390097459317663365098327674292930852857635808040871841858492280756799901419973563623830947378347542160602256508953
-1.85,-0.5999999999999999,0.973905489987651875413077851129888571644153783051350473244783883809808899082968688610865392326401625824161681234036551986800907570956015589676563257695054719303794836143896438824335443359296975355592131418526181657241554151753615649150172075732351618705014560261944722734719452378002706607450040289631614775532361394660703067640693691242512304486726062276715407810963633242048519102271327469754477046981298222325729294835877774968174670855512207018915882745452109474330739053826797831100128154395354654995205523722480392578956,0.000000000512670029365371267146656032132283098440047670622657098009144272638879620918690481199131396820529786915543316106004827949488078586074780819022050155277655344344999008887172366509304665946560047129485940832120667819186927749939935763011559168076952699254298638275808938971799263554279331170662500028108961967724869811705256695516410940269772092791446921284384121904705307494677855762244861671498562823990866530133462262677999164542445756499695624188170518916280992909586038730732217910554467874783054764794245786748756526830117,0.0000000000000000539521846795164822424935971516194596318419937931103622118323696191993595091847344456667800734707565367621963569312194930149956830064241247381775977201473584226356804960203252703230145898486511569409419466215505896019953309177976553972886086611904726879430284187910972525012661694788760029927638815654177249202149944126399208774715878622674251555210732145312683645428221839252539297930503256456548565084020279435647603518237000839547744410797969705512055772892660356128734603130162705104724188996319646310424006104327753339709,0.0000000000000000000269954948905476772822978296727463765372654861602105791783382233006194203733232851827387381481846836756315666056756539937032812557465877575572936072731145987642263657169769981224976181520120930655319048603409276235404939299094827440954679337653161754036971723235096608335122957956728686539986096963602004848326745467988095795292468281890923987686196097444774342206537497675330853370960200666676640287840717152323764898626136124436622494635119539001745892665289682351195907650959476927030324866886260045649991762551470885082276,0.000000000408019129974695746976899370792993398454292254987350354153184489138643723016989155375355542506616818866479371489135071639430855251439385032241446305607038936047165468009517161192415540235264695216752583740202306406837050596139978789325370196036490750037829714407822904951272601489677337283962972237607188080170021762593226257855836887298861526075673841403339505672280530672274387312805726262983406022745001364205420581778341646520469872358666890718499720998303490076949409253713602871720965472882785877316108711717492887726507,0.000000000000310864007984903925647214761599505928282736224947726130364386643698250494841656488123383952869258769278336739867870147231142952882400361494988027081339205056072494488037207897785982276331276573819384515985001989851453819914431094982548906825914410184118541866768364900146776624993831795237213345471913606688196147491476888512814853170281908862433981686515323095743994210021304127221205739558925510473372157989764943041959305834313124131487024428701052931204893663257548554327363375196919859771150063457028006739081614470808464,0.00000000000000779280681814375741558812082088874753184145830902497055437052685916395394006638921539727117332355470005841898560345028228616321901311370009949273921213203671767164643312646723441892942921832432466555601435104310099108909534953794731926696020571183697996617716705410930616768803965280040584306339667973746013434781400057842108543266447225981804736151783554463124960627599302206434245620482090265865055914899627279618663451474479763121920755029919165883394530293571574185247153183750753109553448614903471227424226541231126518034,0.00000000000000431502381510844853892369146829405098336527647156726840895742920299694446326557485494421991582037696402064298333876543521115002215777397104550109916594101253634927989003221755107674632586526594752786187504325749179330206645353911500976186940359638772046040838798404997005182576407723297242931539939121136894743261056093910686150854833960393903105533743725246988755576668778113813849934493335565562892729540758328142407052540934161667470377197368219357714522676234382124184165560418779516372642113830826551716802404189021239745,0.000000194574886441783322908912020987198209570382632382024954264776431880494186835267879904857613418468211203265007622078210471524505252636013522213373566796210317269434055684257662882785357315133727889840937111887361708715367868487132829277576703463290138610051623738671486462365705498693131074583582693449335323063701081638234250047508611863439697890307022545519029777546428610411979789096701319455065454336197935899608723839010488059386124593938784053021212758824370070107688111446968107049646536094300173258024386170028558849513,0.0000000000000000115447193414703305554413694386840042250398390663459591590465372228384675828740350358954822334599504109624512222080878155501359535105584001116074030506381090925959524618653818891939553562590482853250791576035545129452249107955628625341826061941179604484300031392521157739704547922374633764272961504997660850505574549585814719965753182586583399524096206872189054290220262199190732431664850383641589063819137587910252303977215504090694022322968860005335796834409069403812701793898991134077123844305195522186095397396131120250843,0.000000000550150263538037498793189046079906495257239887004453073710984042244986093424283841264970686935903824752836895441462149938967031024193011515013903557473688746111291292959209626350713984571911808971746800683266540378054645169193145941477441715970049508852966173947082744539337917478544350655838124302905501619009671758617444622342738109472653755416410702462455751049158594807643344991693037011566418959525664539844645293346953242653796990410649531713993817246899996556835832907738246770995166006746682198100417343917522870862432,0.00000000165254054386922919386276739774286514251658247680717776858634036469029244698785835981266632619158019103503164451822986943656571469173459355798110242129362369074132700041270536694103842542984174027434258607100830511684556431444238710852120675321489820524796820744313216064019917722475813311300951899556006068717696176332315882695132882212821621516245065605584722371084888331619634341596713913494088173877608472431488043809567778663450753912824488630927685447469676005551470486778230493956094939684163948983586772152233836568864,0.0000000000000179759926033405016244651627185666755043751567034075162935449774515101862145684198963165498742558674833785718682609704404185529013205253052125232785969623735790621392296263536986396140335956723274691607461463983107232783779956335946781691925514814418547085928179728383269552600355533608222686125562003791088664287262132894134118142973950558826081989235036375357770541611326146137136372257510973424209630857323030409635653990949938763071519037216386167868331659379154612016315918835367714004474986616393899456974957239871661735,0.0000000000133043605846002831262455409248505407279329137506411166403409184204047618145127784895813130831073738815327168707178856487972944196230934057994490582631167686299493456264676826717661798322469107437635481976490116966975973238655297865200344916545098170097032806048643912641783719153805751745447778713034370772341367941612953029717154106316475551958747077266131496117724309723175154289890490369417431823465065108030156601895966838157997398408935682878480957061176489390145419745667260103507045457554046003885368890558412932197519,0.000021673583726269888941762585888168436580589840862394466063258708513660672351101692069564281549213464221785618956549682294525569308170330350461233532268244855402431785382410319600323636800191787940497292921357601012793013059965868055837703068544388749356242613792904270484384072552659374077697246287342745824148527158041206023978391170015243121628578438151307798390652164386537371939634653787800077699794127811420250556710431801886336423159125302272113631159899566881392292773239185082927929450023741389923726273390051729680467,0.999978128361565280495182908943491721889749994515133267427160994737040102130134291181354250350469507217020962085731475159543991616449435006141797365581351488544005879704859845480558801599391533513331405632226429434139476338117087890117348012471099209681071977809217913510652924386907462782017812723465631014647572184485331836294651912561363059274347823119080959074730966931205048576098785915259481083314104380897680656919452309607312189105869116199978858470536737570720648054678600889521015209974948219135227369541727693435104,0.000000000000000731274035873959370121161490354617961569456459584675881079928246796091997599393671464096949624029204394828931476771949801602460540535264063033447360115482349708946159423755476185941695072570947696802569997080279461551508506061674108697884515725416294960523640399261574619241678216146406720424811759557414474381990360491579154963437718369622171961157502209184250559920391903000186179223752627586547344815866479003196419279927077245143553721164246906351070923691982697421046834821925922056260015739411418562479759326457482592654
-1.85,-0.5999999999999999,0.0596231559801731582553279925106721126081658035525320024492443203120019598878217733746888801341091508493788440103686713694002306684257489393077613789260735375433666578546528595804312108935175019228514826621865129114441770347569604593156428935260088603102021307091594197903921690010643295137217229484136401657407826553697835919246616079934410655957239625973482286769296016365670780885679169558173139667787225414150369147827941287490514290591786293495603461538647143573150900843699600382988264552182094364720409835762356836766021,0.00000000000128447068514047379384372795761973774678845017945041011963938672116133984974180250929722004168826077165270514376644199594300806073215035635063273743722615006138772191230614802166084175767420117981262951617482149962753592324841059097536676816890737711084395454639627547218810843382703784590006142797863310021556057986519492526227028119736469588346121263827414208907799975176695376892754939409557997605831504720897019943685012533526681793403017730064627782382367110972974107225653447189753574441101704232013324847747585348075185,0.000000000000000000000000264576334188267237733806705883739864567850615911010733367591346896027659850603117838488785335917998084486769847577505496563022170101256756960408732959011183028820096717620890807302746711782745903096536301874680091977224657818884195218204276411700008898627669355497262254443355099104131275485988379593300880715824081270870456651509718072762802519530430216131672337313378593898129158095241244646993018739945753209850396548228912771048618476605312400199899417956282372885591522814786167654767937701542083116082716789482593771385,0.0000000000000000000000000779269873564716831577129814975282274634495244260498676812077106296450499657475079434973448295089620631706799199157462390494959829245280143713758230336485086737590936949912765272049167341428653898215251985477863147178044220011568287759068417885448861836083358092548040476155206092702401233539151140833001784986254558881487508620780751633895412135924510355803911752145285369557405527943724527599250050689840753646117524158306743807578468635515163356361411213330131032929770923615587056844907669906988628715754109072594407487688,0.0000000000000000000000000213316784347368925921261105347736622668009061441900847829846826948111911030065647485642940620001714361899550380232140118102598104849892973384446416255969096339918918059623752089367895573915466032572733061315444642864941268762444398325297307158461353259133540797305842577439346574748409302145142140089237681459075939944795871409747560403898395612497181236114826638858308015049080446767321160526959741076384614774385905145498469189995901647743459578015915127967035874999529274261857456864684872538243661325075585565222507638684,0.00000000000000000000000000648835401877219737548820426090831608356403281400534146739638906838789779721462375500734968512023875536537920076404230364159183522985400551805813551118679838329464161217844643038336254349693565443192658074561890066713653465230897507123353978713675037560486071303221242932552450306287150265303363977081956741831025072580917593472597326627708927622427052062147370962606374167263165260448491687923408887670117770034803542255305826434591406739914536072008560815417047353250341401333203566366288283371290400145336871284889288776762,0.0000000000000000000000000957442363975887631879910942517887424297067993813082821958520380559214730114090851999520438218590494445646091817011715784745924146083305544610429181374612953200546196190024007513721098294527142407609607646714662454077599125550133195702903893510004923773636563452729616251957275377375350964721779637187084390507118625719797056668795933076377815300197293729409251042840379621188653207162372191996884583660474390254575135000306559106818753909922846358455479391430200068644715361040849614303572350069555368659044954506608952970935,0.0000000000000000000000312073261737697906005284226870519310178962640038663735954132867314240278527118150339575288487459772788923625304563325343211132301089968253935435990771362199005087816142561690556559851149958804639483174735059491882196245600418764038381429455611189266530771081045797567958759829870362536166679002102809321886930436622751794561497399093444971160085708847814132076010098641854423152963325146655652616819091199042196263892878671689838115695627946767418184614054787784309032723022959843906054853569111913451455367944896253813828189,0.000000000000828351727915432912393026400283575123124413500700266294709962148423653284960969262105126369394573215482477499258188847615486683823279379018595309447326199066544526511767663204967059698913970361680090394985644933856011625837155222841211242904419992702833916388035708835453715638418140653153625170470119194653933907136277854762074385565569915006483643910963760157715567347371576716488976811189459169575076764230750845725056284453774579205564646773319270032334613001065367668821664905868759916188921268108280004265513724776193854,0.00000000000000000000000005662675850512893421084467011313603121634556442462107854690810463932736158111881892105635034390694714786162552819417461630965023351689870247647678290135333933950953540124549259944910887189557066844617894130176663700422451927468360682198244577337837533171396845544297955954927369458845126970352671873912431474471761665358790602204478539430698007065191106690870505160447892926123484932396406938630546442222803576746375720651301136660360036675250207490734995476553875944503007640470174380968715613536116428615988079568039683268,0.0000000000000000000000000000488728378325566887433976339482778704720442794316545156268498359964125796792996686052433940406093673741350391032604374285609532597025513995196077958577695850083925745705733631469443204803680503633618506092308825510481561227663836346103021369800495355911093491805570762341312292403488636165959164361149823738024530466075569694132740254349118607471196463995365688340853319450891753310967525826990325649225215614747762581245944648773166778708236308283549925657240172654610070910678894713034569671876610959940370109389387002296674,0.00000000243775124880003804457054171753299948992625427517537011175176435059111412417804471881870558617352191919418839965809721791243036528421614293356186288584880434760397559386387440702202759677855314697362750389001892920069105548476698772225956972512069610535758544945858270926732394787827754578351393569619675423732983863493173598556318183612951021345758469527495048077835972973688378750466913264250190017243559571928453309415294922378439836297883131161273464043825357611029667256652247021531350235924103462449965679730334397050854,0.0000000000000000000518906933916232036040940584236826522139406777129462422381650029672736535493607158590625813734709966551789664070951250975202298917561541149191504119111640209446727809810162733876003453708212847585718881325153096195639118349837291687385679136039264082894411456898252475008175245405803911381750663367346626721260290203071423327097273403905907665451804777804759456536242980845352300540348780669586313908042232368471345365576320776512294585795097664211415797085368206942386458370621934769656911295923233680149827254690590215701137,0.000000000000022607119705483118701169585761954361691611951314494771745727132233054871318073796399505044922001073881441647915344135462383225997755161305895203333178012024857563383572878306160231594704665251074383145431619856421838038459420966660658636449964659681144719681469310119282005317492859104042327977732900268218039773229362266780458829045010153789298279170623991749622369876628663257387038110710835684470940203313176679628397575009656353787189922968862178440506838067602689648704627681469977292825176368826331691246814664574168451,0.000000000000000000667154204262471698535129633459018391881068862828544491151951794997560546698542078832955539687315089180378341357944322823343753124705595729348966692810642808153600776990968900087507628276552583316356496841729430710597592976550210906458658558903099415197569812329995332358511301636738296472437768301239578449209784715908150835814694633718730415546774733728820766374845825490452758719570034798468116834560450545200944434986604796330598375293987491957198783859262993169895565936276429675524318472641332012298565617226529466791249,0.999999997560113320946685434687249793134788251646112324334287362985765937615491012566692380641942804829805721519152499450253059439100011635968508316574189944996008885350680410714095018656423601405039001398550079385361777673968309710590882973302869688367838812617070505428927573788949366846918463330337295390604927359845580470025791306952159932116367975165092528915287596604229173505863954066816163279489835422600302924472208721824520295129067837838996071127064698392334359901904822548134506474616456417743869330631992473291422,0.00000000000000000000143134835651691515441452868132251122068836118334523221377749962984186416004560956845998048834916854356683890874291652065714445261929457980792981024255034168842740905068269632411868920345103538713718033037060675721926360272918723065297474757947766471163870279148589164121550478965264029697485763252610488979422468986394575976474658145439871667304788511419580645723923142333831407331957809100029905531303168932215530870235106342749139595032436630711957109168227211459830922197197940515626040117737200955173729855787668065151232
-1.85,-0.5999999999999999,0.994040910965987382611628442266970307442326945782527485407059770022428289052879458586130482088402880017684243374395393530070893544655486487022122052544953990413335580278588671472075923803475240012326635146076426110203550699874978247241809570661942257262654575370075900761484343191352987186056108947982271024007437632160239232389993825490577294834381513017904111386283956546289084567405223804776228506140723009027716989030313529570599197758758742148030454954484516448290874820597810202619967640990665366851584946604216826999722,0.0000000000012844706693103464121645797752964543984609077888987375212415507442728315297859701020690694514150675027643449701816684143471030067724902157924786099934798477448459247374793916971206438338305589107418310473685208751716108989583447669809487662662444456707245024431653380147097354165946815307086782358969137627706647605084654712757135713017566098850727199928295455726298198023362703324243333630590655016053543029578846807458523141485024827858367329197861844708452015314398273681258692234900124354706561721365775163967486434082742,0.00000000000000481820241484779033296148242037223314355648912296411577325272483215008593197013002553224490524416421641777736338811884684339501047161219517645826754755158563218361983331233922848853804341929649207198675795182813446669037917684793088652939660881030271606033805692383870402357468179865212887727818186959958527905092002119564204954467164183023878488914948146953043831316661286356808712601788298900431343542158356443130867710595604862202229361620225688568616971571409918812641718215683887865386569991946937484408420076873712678835,0.000000000000000000539279882570476126904122776848014229607286059232804559609719896990593188257964134875793200391594216602129802898304907345292627235039480772421351879854810057661738857796252836229206727446789822859531957179800888139452961028986987127750187524425181935648341242189516218227175848323842185859777454815744861428733305678730709804636396348592627296208261397972938479269234591720328958603602309915898317816843539489203270258422282619418996743343511694314077293286795509576041908166415192924521647714490691717135334913878064957465799,0.00000000000102204595767622209124922417854285211573370245751622619934506162869089760689804781511702252322754051482349894435119987202755632893304125767401438100075174654715982744224441591527359597638123171547036727632438738018817418849097318744146624570899209140161146865992566205858287676573367271506645632041160311723554447580047941442461345014235975357783358470433465978185698207846239153864701045877859929793856937499210230649263911452490416954412339458780477355788590691750276369359429497286680189223016388435995670258044457073030495,0.000000000000310870802649064363979657192111467455470025107920693115963318516490940552456836948277174029443497111890590681223028013201879377416798991652022062129861340036538912240598789655111496869754090391921923352393444363500706277448967519291262794427925077514713581197827433681388661152542986909650042988983995558480603558002438570122631100547004255434215675335029005044973203769296166407333997195804750565546404320891441523967609105820356723869246537351297050926454461728487426833515100703031479345407577844083878460981075954929630798,0.00000000000000174321246633875570189584141849953823148354204058491614672574884870920574539535014882924785675998515194999106923840796879653301990312444652918862938061696976192150608019302326521964822779316105402025569495377535179809738116601920513607696949901572433500025770809066132714462076659742049233768112944452382325597568870199483500018444789556701441264479035091772516922144358996566949388405321182414213301987323511343385224478940778246837179399181785730454476411672929325512531927824654974700542148198131980840179143416580835125353,0.000000000000000215964760928634349816195875314988297206359415370906514088054722141825449171817356474985823617764440301262519524273375456860008685974339779981605461140895005404852702258280623419742794942749619445634646420710873665733276156409312239726568406931270084906892980269329567267669524133216292156018864706103074416290626745361904910199281388768150971407567743012349946942858773578452943072522293374405382657376264402297370241634244388371850185710480860755612159691722628255572365736280258450795285737671520623331273577538730844773412,0.00000000217886220088647631386825032181497637128280795714753885177515140729636839522321680021925681579926192780953624979765755274107490742560338334921338375127541453023519177989654243585003059073620412373064520563444636786585889909614216273117239603538592699391830224385269634612261444445217194457312777014972253622070641410495184557847860671467458428597158153891417915574611275900693412519617437481505427022409971044533113032927878284266911099807952990630537515346920255319267078651424172207092914539718462038447160664801447167075465,0.0000000000000010310017090175568045298847500073759242506580056965049202309868061648063768926053025587675907774410728354922472224389935542120807465653249080158537591740015749978683753591802047307788313448717306114292861524904311653714205219441718428684069821944912618496340374884943122518445589886189419986153343356549175493348457381685338815534401518055231921882620461741093028702635128223239204101459471244342742005830080452829805419470245065677532096591568190764022526871509843187980281340028989065981472112446209158247221436961866874801,0.00000000000616061834058638338230666313839231154465423693091348991986093102412851585259260644231952725926993286461777353403923358606976947592497034257936612307167963194954519504149886946253996051608643048742350324158755143278750607222111401406405026208004552516139439309155924139283067692157865827339206396421431768725342967033653331655395120138530885373218922420989187232056497469158042262413218447657110707478440546041889931028369420682480514803740677273771802942111895154325348107393586289412725717886481156197551143566959921239141168,0.000000000000926363999018171173160911368593933764507655951828854642736109542349226663402058386621488798549302736178464122692229783220897309993473723069862013359216835573501925018744918812465153829131506718244461743938128909687830902755559576774762209598362194115272941804660782705695356492283914647921050958289675190067939515226164994353907920874951118219032243495295822249426720265686018426184406514718026047763485214625846766089982584882831443491876066176050461531464889453764901895178373929995277357963996590357823762665642627247920002,0.000000000000359100332093245732864371864284851919739254674760723395372298767122491052323339544314050974835167649945715917842168541623344121579312154361795341301404290400416180279255517227554702682221330161489929742846765761951464486488286713481934182551240574315353148298476252202456444348995003528938803792416745515341480394039829381370386876176632014171486606015874657139298674639082635720263718665025035351011424996663044151014507026858068259784051063857524645389210556155846481210046274829431186740152483689412027991555621928533740176,0.0000000000594648347280585912024178250168078731237983910669028258150234057694636973288123938723483425947946113972722549075318394990723342449787832884403343757282598321387145021901063824558127966517647528026712792547553933643779613508411170672848456118125892971494662215581288957063172112034500446734871045603382821311101972927924355119730572955091608692494816005424130274821817404435443477796844371713274901999714475917324239490830468756924298980583659053181380506174877805648840485768578636026483352217542218560167299914755645060786731,0.0000000121468567675572683977668241179998253769251953980880705327763660654460614433776299753128758615368459020902154819402612664945869150034553312791737789817274158169057201686037365867015576880279190890314697817809026192248714906347694533820175301979064102353639687735690740986090244294564030203337441345956957630148330421333116807810893106096945552416143047659562842687122163917713493661796489218497157884833401718103705688843848073599386936368373245036997566439515977290629503602448153350751565790762537241302322662310817257284848,0.999999985235875189292948794558774484478320323022811312046022866936197163725307362605109740719100627300451579243930288265529853265055638038626974057713951956113163616087512767529461612865748083202518233268362882536891768401563312463903182038138875566249981572466243801771129505202125130698491036735290409824540779855044567490256655967416919528515175211354407965778623696441501012211572434125909617991944488994661031560025648432010996034716922275932371614742523956921342932594078385921985664477157720864638584160880726269601229,0.0000000000260663000302619298942419273827373243158725643486580011084468076353174872931729043607066446652128038290812859236532907168728879575140107031676627013474274718806646348301867679038199969469229075707059460939426294570803566282247281255822361571301327830123705412066809290507208430008456385272279019529929113957915396007587903753611088679680012523006268098046625337542218860164420757966259258760668978580357919157515598519793140463779397750783102697603206035691305549041802160540228187040951781853985900249046238163670838936901595
-1.85,-0.5999999999999999,0.999997721425276100268803339508625213616211721209120878256335308201705269744956149822411987400644914664003081880264773632797264647347969006970694145830600518100158835121286696264409410029175274257398470439081820614322916348860902409903698122925898964297770605421378628502080260668088650048484413601139176482013722705486813780009036210541170185089883654725414995525899943125759331981823573475879563961884204409276242488984969883753404526739942099861493569809408472233610304033059435335507715691542604558119372923815697210485255,0.000000000000000000000000000000000000001178222252342442281359044116618550125213593247995634364877353208043520132242968253575007590005950972458895680195867661041051320006484225598790295575189643058838911964331574299419096777769142253885141589045575512324307404483991004729665326555952044439190438833834504778591420907899329698556973713399700623398423820753769468701462694622375274445130661865477113820713388720363992318983096854651353778461752500247068486388605295596079610562231365503423516372590430625206363469759475449416645623695912668877477111307734358305484,0.00000000000000000385712653466886566767089980281552189520000229805183052343214358780054515296777405964599485787866889942726334162003541069420490114841771934390442094958358856594626065508571981495327769886850610259131531626751148511760257964402944553830293346220360855575977052574314579433084690114103976621732960334720875391081663093007041700799772323230813526144230904774412030351349654837091121445927326291700360788973836899126518558740443256359242863147865981430044981583538479324980808854721731445005271257533388258342748298575386712977486,0.000000000000000000000000164126261556644861209875688063647350180906224581317687152520784024664928544346423641354664975307551787442435397720690216952642988968476134196478239361854638318761408185729144654715594248911379885024896971043207430843322074908940357371279752301535923338171418989482949347672585338464442738892291415977974565405557128785973175274578132326799272099557642092915733784190816705435037881616472525522300133438508925705144643952294189852301047017433701852053782290560174016691884578936051920712855084949715338233087828247445293410494,0.000000000000000000000000000000000000000937504700591816790164591928841696294705585904378618914179448154912573582673801267709906013486340014960866540588968236169298733267203502489848609413742772094166221620598865798860162262794311643955041687749343703702377001908579449312679903551099906196836745692115491997166061615298515327639213552657208257043926889001384279736452863493242713562922362590436465314373767894310617777818229236569135993473193508517731548853237116392048694600043352629271816131811398097799747715986063333069800546346322663339958138610780866277699351,0.0000000000000000000000000136654748872269199122717633841381461664221670591154739186027961333064311188827807927458889841669315291854740381851682140147858205119027340270649646871264194188319880871933279258803510488931463888012664071055737387006107196766478353214050587251395228843970073704483229507532963719822133251312898868738500533589362977423373445957804681545934578865208580278703157979035649638847944643152291543228968098603276887607690928578979533566803945519924661542778702050850761018961607237818161922137727170148302639075046514315272687958325,0.0000000000000000000000000000000291261959161194392498503907589171650382305853254791604044847456775117335161725309761946511413597483785344048410620768363429803354684320418565168987315526972862165737907870313560261031205572652807572081524806640680674155646985470139245091779743114167005970443044927050547303838448746494845344800745852815355223170643508018837694792699191087829886138819504253383702266470339839140555049131375016764493538232273262329114747002751861305902793531466497161385168733914078970807334755329573586324632548573283468356245589757330921473,0.00000000000000000000000000000000000137152897135223060942393636069115468811380310790814614295767657486355839569646114605508877483558106313503092607366190404110293906609065323604378877957332240146987438317456688875227667469387284385709419947178633209287659317365729120928251558519213681464658386050396295183535813979258600756943830933268173913108243050133993506827138627763889120262012368787595306121197398033857363235987630349810089531904871487135084368178635007275202170512383848819040750371482014982542153352729829466614263309950173322698246530046914273496408,0.00000000000000000000000000000000525945213662400077911417175192783755983667053960339390141959041084655862175014083474641487663024854425392772965508764040274495019276382518280169660973322819015467162774646760316876517843213627302730274712671660711302979492477525298384917134382532411560351463386069092389959100912183572997533293369474073025581813752482631792850653179921587748415418238584037810413898143131791810189366257762000860338157761429650862825244964327046193994232463898443400527451522610253659416304060877770693130322360881145451020486295782424760946,0.000000000000000000825533294474470809529938413798594399828936634338803719155060455140028397033907470755969774446826822034036508234345902618444281595475288764365791725278122751444326062569719492029167058759567475296478335191225822577129115765144348197798757759289257586530833308087276775597266862297562541344423690168401499128531320190610020230043712290329484115786943176326825516332742496582045572065016657969344066809016023806091352278683410733819885114310681116347541678581712306889260237911624534408190323704317906668114549495717355582347659,0.0000000000000000000000000000000000148708244519270087198831037064490458201547935735956287699028459468866114273205711296652960630727308386029108481265300933654828778676383613586657149572978288092514095810755540694305991100006125340790519975439416671405195252057620554052389489891430970328949984315904723956845761773014453874251560969472280987888880255150893350487955357139107288901604917029759306150526736575887493001810465097704130889520511968052360592274627817708396721653932047520225174810577407805938938236328511222974313192096454007408134211014003912917031,0.000000000000000000000000000000000000000000322906646655409948270014019576246728827769553058624440122703522996984859943578501549259892932065088025207548402303044372165138360767034200365918504651906658178944599064906642506815633467290900066637228018077566506440683079200752304931393169578244684423801116844367552527287046347456051674403658287866126303402066594587494040959717958180152320198554040913536622100483262062264135231095656749279577459147624887398195191718148780564825231580093728202450190932395864449072885221595034018859194463707111762998848382660560161661193,0.000000000000000000109289808381664891055649081259257555510858225717862082311263386055274307801564264459648588883880808852175189637996562553125513868688080898260069048243037445326556874411430764723178536199805372217998840919589666327128695717326098622513531981116351455750463339435046900036917022998936636658216986193686272494508723883178006052459469572766992837755041091933108294827767832399722766987509081759449528266122785020976000894043164804607718016542697567496707907090681370208846862538463484049181620543528325072715903260903663201936807,0.00000000000000000000687880064701271506054336646956270096591913572489160414672587390901777996121640476733825102372417580017233981476896889079219778192505739688766683535781062950945831760815746766222994547117520018433367723512853283213254121634209609565627548627889665847153986072476094849583970086891083306490868625642878216488631332604580885501419788315519012493527206728404697378955224198466511025414173275104765471220053840562442244777076822241171491311277853350628458900806613191521048869179378387369039919911048459031535980644874957557219553,0.00000000000000000000000000000000000000423502120297078815840888530510165706146033898243080795816012067641996586272658185787630163613063382493740453531992018665663144848128050655625179230224333714036308190813402136812972352798371607780813469580970554538721720139287905534750524570042784954477687836835133598451709809037843313990588169467504662380654280414757225100619943236462533396425545291388490534270486316105486151269141075771141235330672311751498698889868634515735438461600465644344569845625433763785525577688597644205850693263969096532218413046723933918914279,0.0000000000000439586946378326032149840397407059001046700387647429585267163663960991493284352172326175631577608508086410597095929954105808149552400623666537962357819270578381493291463641389936529235974901525751409444831978185099046037441960105612440990446823358627912353300945826750451768311991483019392220723345632974467013648919712448927349761138454862254399374310079123887271039567965503543508435539854488850130874930480357054831681537905802913990279949404166020170274059902092528765488728100675259980963251537280022623513565680271952385,0.999999999999956036506518482241544116220677783639828126884909578848034983108928629021791099873402539866449004539863596423438497173069470523002828511077623506589020698415478632710589962553608052056167884038602243529180954004057820837141944698081146976459048495159269018392804172117608745165401648043594394160342366611070227147417015253534957910840115231988248283427659068309761971932810077021140425734683804521670929805618820626443137759623982231539203295047121432813085908918396063132381320703346784905006818045628006848364689
-1.85,-0.5999999999999999,0.973905489987651875413077851129888571644153783051350473244783883809808899082968688610865392326401625824161681234036551986800907570956015589676563257695054719303794836143896438824335443359296975355592131418526181657241554151753615649150172075732351618705014560261944722734719452378002706607450040289631614775532361394660703067640693691242512304486726062276715407810963633242048519102271327469754477046981298222325729294835877774968174670855512207018915882745452109474330739053826797831100128154395354654995205523722480392578956,0.00000000150491325009198822226881825283019301762141439856828619382264233016809353549466856744647032807480857207488347608544547327239097254445916193376634257311532365968933105747042329163847110997740972071145049630056673984591136730497077881118825652061703370958835058520492586465683276361835060378465500877749233843613412891843656931749872870767129952634536965357161124884505329659577593879560520157742486491738265471439358300902170898543369737695785962631392665972557222524601049122895384627919459020221051503841169251455148760941258,0.000000000000000053943255210692268734746366020571966256445460405015202154020099569565070331368517094224561882654775367736328082499926424046464943062733201614939832552540293127313679889098453170911668829861700705697940017580588517573422846412365982175531750144771471289410911031963038119626215494154170984802350137656545583549135537313599589756414116926039361894361626627026001361693927803805256179446631717653674873355366520348170623184122536328022372974952666140416979963629442823369739795820028041295564805499888084395530357173329964957016,0.0000000000000000000269910269448758782487554010678297312189424376641946576876117568051239376592396902511372252846859700113079009312256535341016357951208057616646101114064098158051617040672509223322180098033906959228534063172229045922296768341735486050040387821418681109060389849920565205582616345032514679290396321234395436116989461305619086022953550292770854018179665868453958028836199154874476279609067256436557279530510628967658415807870635963257428293404183287464551919271908247472687211609579453683938090143255265648086817603689671753335436,0.00000000351562966623306950727420901338886304342635661286227295588094538905985628156674431482977589944639755246070668171336196204345054037608819576361917694755811938099150818873669933182097928600676360331106640596734636508571296862745536568443497819264829406929040858121132940336806451827299873053828032773141823583417377578712295303763919427134886999322550221519984015973167306128803038841690550798455524320828940302158755814370959034645501771355892710295771835109520406526751978527488578162916009113268941907093867877151951460522505,0.000000000000912523334301981866372361369729581486572217828971670718338166095223402593374392861638985171122826140071069309518320148952773021742108624845192254721242336995839060793100918991864347391169382138666930629481287961076482131560673713802550850777444301374635342015132641189310160704649120312085570894154738391353376013013372362425286364503045121558570248020786052091376867792877832815715162411159345681063157489131739823622971839076442679812367216559650770714715086258510014646549794862002970852095912521883754317864947548506197832,0.0000000000000228753341609398772878215185216002865853373188625401066717162356937573099411746823300889162882022322124347962684690129490803350899036275836582183182921825248898076052278300003460936492801623176510596985782533932543528969093491651181181832511698499833455303690686949712438086647988299317010889999729911293140839211184710238696029798728726502955773455419376715451366540515483318414964382924935988387109984880130809740020364838615864606910849499492504028933239969541879310953072624232010241357789887700730991884227578780425816719,0.0000000000000126665030952905762250546646589028306919740903823085991447584311609822464185067030527955913007816334796339541898671477029849527745515891917687340799950664956055319113237858669802620641174966187959469152629347878034076363323327263964201238230675273396543704937399888149932278824894302631918622086117776112448865124393446455196289497305945935353582450191087896095239698098484506701677562594940547901000816006742369790842898616419996199296851285766002386801543663602854432346268589370456469903573889052867533920990526817950548747,0.000000571163336978875747770507462159895401018389434282251955021488498489688079647236662858147324141396966823170230941777930926457559522325007522248828993925342930334633845183041180893429612542411038109305082740834723357413602644818528305400432864197116545207184977818708384731671701210396380683844610182906017579735072584807557927458321520746653457678801567116042711248203729283098179257015682875700408870811474469739860375886859420213792867512264518366689360575703248314566214555797038417149465721688368825686442743190507123227084,0.0000000000000000115453700542346923554653363943552636001691702829873229719015394759395142142976592204984477677558307813035372186781366518162350512114089027142925764474425470688641152773220376486164931604445598628534577386414162543100236164378621214259912641548566985706901829614609357869365296189125728262874142453007770271680566678811296412531675063591083052420776891305878743034770104530395995768424925697207230835082723628720911052878012788520112382029436123079871850116837614380802059589175668970258270467382876865014625908968123245083106,0.00000000474133108880440998407586116029874283518389460330556678823251517950710868201125859897348372658520383412926397336450754414534757008495026969762620468709883231764504954465789855529068086241317751748101478708191475483139213755272578532977319207425133404063448976124983246944273393212893240956634337731960044456098265140193920541930122398541980901665862248082508062505472419334000336396087905977787448818956643760253984167438993874870110096003658072094896909126061213991184433353414926597961855847593764567650323783083973885835586,0.00000000485093728584362095606515283004679370420387802395081919528332616150445634978833660840948525582754657514191415914067706108524188091237206756173294146503219677229005385874588546602523738166517991764363497972142853751922145886006921297347052689710625737871605193306037123539533947319122852827300882016943958826418164826165131595750333179091150863603274084720261972021547320687882664805256198854461724611745008073705801415514600188910455310804845538246481023431831117268644053659795016787535307754116728709739390615112197093332868,0.0000000000000179730174492018564851062285641261728451315243818243867598739074074462188766253842843620380178361999447539049068584873010440337855643789391856346574914463216173111662497962848904667017590909524761076503317906128845029728274367686308015022026514665317472029380196259288071900163794396318142474103564556153619945959721288119242386892093087022162727732032740482679356217574814172536546606039458565104272430238268817702528930945032529223972173150789927946820168060771408085060372941813356461207369748415043236278395606168913493668,0.0000000000133021586186600102166275112520057340518059266165677673303461930322748764277239182015624387927966276578425863167394942771269613930641624743507877675597018384106233206087809679487850984517516153415418865365118622696118274716752727858023179055212287829819435490393507726340073491875651362234012493246778301988177916108609061655261763508336348751630808834415113222147522950611232076362749852739278241491561686860069839411805907716808862456689103401739166093280284549383372904466930494400178127636808632970640368813211006682453447,0.000186788307009624316481331612765950854486671386390640753930841097536718631652058913293823682335015812374161293667283797102477093036573965308755463955145262171852101905393988980542137803630136819392408618476259046316373303685731945046553213325892983916810830854173368458691855374481150371773023322397206471384706412995882281575523150184324886724768551339492970899794888746626407129551262352889424075975304300009490908575769905322692780267588248326210948729609889632095150720679163763715399082724635099185099574908710690574926254,0.999812624896315930828751600789800497226015578458632804455142742769178856860648535889404317126191271749284764832402248615078980282079235025854338436787776509360255885637848024701601341499341707199886267584926115497227026734912740394760688310736720500744195942727171224796918921723459419239019523039345569966229400821651584839549818263895243172958517894523723802550617239098938446438074411710711381206154716200741647773099411339522443953482481676677308153670110577049113201396276202492324521292952258971927065649989061763360673,0.000000000000000249036410387529719412155526628126120224067573422898099109615819064329029580444515907195352451800439950846930841750519957216406524766956854484675250256504647253765624368444086443975611206552763743337262362521599718031078021321618645402727911038663308504406648997959273891003480132822088073877062529247756816432815552930736553802222402922521360456089823291030711189609835510353966285505868585517113362631143067593239335640333351840927642696024538178918709455673630441770214752664679937777391510522882588436662063354096192411617
-1.85,-0.5999999999999999,0.00184853201512550106739617433110801576353119148516995739413336116624489639286574183928171945993387288511553364925945964846284193809697790010741627992696731623938945451102162583782804873869305318473360494032037094091349874431921228224686722349065902041733626620733098555599071843374929828694919107856273203025116893488188607858244489045809657402988968129246614105487486362688799464779910346334000667863372176860553608907368263733020268828383792858993361023844533932614922183903070310202890594599509749374536000453812736373420481,0.00000000150504812228311375379620860251364882233092490196437122544487334718519286503168916364350483155257976881866950216869302374692111463180391511764315186706654466779034820765506806011609065289154355943877601220699262401519021779611209451817447864673713880622845142168182270001085570534643709777130117757208638134920590468026729255570066407998542302801988179689272542266131775036152738881158826473829591752245623760878591865177474816870226234294931095169997308168305293233611006214317311585169302480099208652575646004065930461467489,0.00000000000000000000000000000659559130425534856207988507123027956615261493713240463898418719618377900240678065191719743328397246767472200252289403037754024111893509335234701061976663617586936633676944287435532306755415991640996134956131724002385374444889242033258335338233857385623961661421723733151853075751561845457699154732967556419507263235742457244751569451563495170336014618414477027022004225687129566682442355364578598680563683109520077256039292931293395525515799608819701654419057038073314874524832317641423220183101370131836658765387215790153682,0.0000000000000000000000000000664931294288430407914648484818300112163910079700466369210501825447785295025312023448672080057387939861201147945244385184670385128314070629227591632639304258185157468869911199772879861215742943007063047026796832596130393893104173902078636300594181645457677916144212942856207477703121292533114495602965818498109701802121517750321976716410685649558876427603453705583586018535105343652848360820071723625992412308588958723595160876554770336458203898788539302430319077929711259654278677937387066270727911455918028729412047927726055,0.0000000000000000000000000213295928745682163275580833804648030625356038302427306626349928013515687293088877625297869476647053699503667810166275603648938755667373577687408718172147329251044294915810666443875050580951476686020485926935096847484054565309659134857401809336990474180329631160838684176270161870764183809879776834313927392921710241382490625159476577715655110313793179156984837455126242024019503489250811986692005724913665022100645415975938422185609897516084381188564759687611995878060354794782971627828902176669383826179664630105405438450491,0.00000000000000000000000000000553634855119988306810323490292395392566406002217104294516499063814770160254501858598920176492059183208939130382506332239395033225885279670261526810522888358974008466220233820180887584099237989023365984430365769128477852202320852847392935349934235271610109043960544583712366790723710026064888714268545688480269344165367354222998665626374892594109273240347278970536217842026932158688906191920568543284203647968176364745927016209431210197256263599837169609389748020396414624919078062092533631056650263968515272442508985508282141,0.00000000000000000000000000279632516038709154602800419526811344562250130182662246111804192211160335609479418794833147574042502758661364092220697953995781267256484857090225676908696584991061551293906846209056380823053945239538577231335859049260153740925177606601813081588241706112710064959104265350219611095119703929953463267469250719065677534556170705153616092716990887487824444706903318859067619459615926454147620386467751714859284899805402782048391244168724555794854254019553297282678896495510215371608662980812477858472392009740298263624196477058494,0.0000000000000000000000312042750891288229011037481557391183539036902022806434249589127285820201559475508088851668094663113169411293840016601897987071310705762212407504783004109578451690268079084334029651102195603445211952765846602829908085886577143422519235849755412264290363905433610823971690115267205397113491899665022049712310928413689103392172280985836500993105436182767313476958157308175082998075286277067950673749870448164051596410934047535843527627796014192085792604256094219601748062866245628549271207041966775997872416974940737046032513976,0.0000000000283566437707275744028357956611568490998627911418553464039470073808130035299278907121454439316208261427544925699123600784811238190071769977328426021449618707993571760797865787662198623445480056727385140653573622104599507790030257197917415082925886738423137102611632905590276675163609724040633641427421569490210705576900317011725917373873973276038846499894416583102109969951502454289858633442905166415060994631963136032639370772440283608964538577898211196753625165029961357692015700213721109529379527904274669099857860088607514,0.00000000000000000000000000000141132840034148094158578981639785040004089152280398959362676104924559358877723229288587791709327022883513520953966114514418693892050224165189368315630459513353555047737517349035609591310786558912203459656749942694359203999925037498691016326221382546636924193229266348547428313833332657893937054040506377530921169284391232666277624676998725347979397755754999989040809641808275649100421805812001342461790957088396627853084472067947224747210827174977227313581210371413200482944758388450425080491916740076646291959972497964697986,0.00000000000000000000000000000142770654603779531815214903038944667056694873202972893985082526288154993923187965907994076484677630114901711773511812880468562316560264697814413597336676635803369466887065577114966019396119372248770348369769133727052411605350640079814600101724083922355574246350019990632883640644012843751695141006243951201022281970212144587695163005893139890527639067078494174995731081711718819246760746790533370927425783493628964102722696209921604610921005346608575547875879576133506781214311213582925181956907856296951297325922987098835322,0.0000977691233587103998110264143461869222228100144421921984777574107547940604636709492945970597877591779239588219329755192983153589193814735291214982487578578062874025289142334732605868816683027755065857866648413443292050697186672477716485646542769907025181232893006474741380333787844766823533256944644289316175873944752055976222625737717907137484204783039759402910173810317251752165875491893927154436335059545335155965705828509606971570659400913196335327916416055258070394749052355252022364773827440474522093562853458373092459888,0.0000000000000000000000442770176146821760883953440375351595934302324172632005603116741557867697962519345123156531001251162341838917054550212853557634492698627645734389517120292556237592896435944693027908509694604931879828687981875523624536738908474238195206352367759215595703863335660902458722490201338588203675881582013081183216756590547898535084084499014386634077512431927578221342990512211262539239836777987794599425102614640432260059275532836960719005837727957310702536823093079999749719735988069033601404603669573329045682723273934888588258186,0.000000000000000660268022545084787978826668433837553743915869494503791747531786638460615319921197768117021802756495893733219102037984717646923501220307950213380431036955423482176611038324500396566776863761824307929517528663354915866621509272072905911931049767356794464619693670326357304883615029997161752743632847898682858206363821426244540326853519906222076753355332661884419775313561316557216385758363527560926934999917718773474828473822442376806612727531477135382683840679098492768571038582510038849268126886850206568907282867584559502432,0.0000000000000000228333644825610911286967411834906284689735751854676309367731437928643078156095472925863542544728492225827882331992876377043247822379749245199670682420199453502820489728640098664195528317025633490026851841389786976525992094620027870527839411408400457453035495589900454803783149028610403798894359626949191906577435417503600925527498978845540376796046235774292901981191149291637832684039000233567598936348344218989775870092074030915105054243740308113689605542172978086175285983121283582935742333629356285953677616812790752950904,0.99990222934323584044488510610515304396814539959215001131276250808498396305275006771022586782785608943163375636325392093913642358241785556260291561283043514345989139568552618470778282623460275918194297441326494879662750438432885013895778361492720640322813508719283333361386247021245884336567041583850168710618885144488208748109842300958606711920285272826152078879057858414627624274964105715917626562435477749288443177324364915649088903611325412589239015685917820458686049413342023785529872699662753126759081441808608302474649,0.0000000000000000000000000000304494487101212922030124703237889838779423711858514552854760116561380831754816642338181642082708760712672062729144936486893836201680285680144651230922532941341425738796616039044283783794223373347483525015715059171238067304299308385912431680524175786302163015984520355284777816301714933664615451925913974177577727070271632836126872988684841677822277736454457368212774755324249672711720542248831466755215775664553870540244559671404456863034647314230380888950811575953394788788596616097818090640643123553652335162945810487524984
-1.85,-0.5999999999999999,0.966112120075904456599263855333853106017807200767668382606351581337795134180322854007669464929443007666421932677718249784161193681883944548002220707331055176926583337872735940159981592253073562448636581207864822928746429190572533114952300402085312574729067161497420855731597363988105698144107190650433349808619543349614179975982801331256540876618368713095827203781382616788861903491294349833580317684114543521706655846258706492988455879512406262751076891324079020469965492805628841471360698385861267248579411284682957388211357,0.00000000150506926156065664738206753759395662480776859455489421679402612378605054236390863506055883328087686372978853645043775399361835993148885230124518871524409160242271876955333104139159014821325771947074003077074251654720674872694240991027220486224342299419754713171844595552086686171603176452160817428228604018998825651338094698164718996511053531834625032090318743507455634613366634385595147694074554473414373221415978187633701245209340699014987096127603343181986827669291832393832351608372223476771527242075623988863564278620116,0.0000000000000000240558820678944485989409398520581677559686614735307102059777032462208122046132724495805895558645352591079462100153223365295180803119649087845211602849386090013580817712006994238560117353971546804035245709215233881122813116388833387078452564634731031054269820025083203544004210368987831344058642569693260062110825932913761032079323557730941686546855653776873866027984844976113638357723689117860002138315798576345049526126641840310285083783020763815123741153440208638630791808304587735513557974224336714862315183803507054640645,0.0000000000000000000157540318158437879740971924190073501646576916657169196587752103791682408971298559670014628945291967741313144826644932803380179981572672918998695843607707265865807611823680304316718844322506765860765888635613042698075530148265961566358501361024355732526809439639560837482696068580629131587388488288450917454517537923696251596867974251484668144267711275621697396946234918979673650824787956759720097305461172710871290609309007063384486962140530983279341478508698022378015622193288893820647890045384591797962731252217908377735173,0.00000000119757499455142612529329619976467194401123012859051400182087694681341788020599129111057316648708221556721410807925502324895260669214969427638970949489538276795811992809503291621691369960769822949398826548859341003518570281759042961650596954141795438716410800068122438431175501779724137027704738271824265545117571978856732181583229938097454608825027100584901283469033984777150323641712728533356308291194121541994690066565326908039011206937235151962832901161311675350686353554235533806165055372787643532812855090283538882882128,0.000000000000310844779130469624035807545010665757546953127541784909680269532165781009064604433377370781692841056083358651257974928477475966801698973337632861783674895386012669342710796379264290976334237139912816143067618816188297439231079281201685105116205757897377621825856885919699295679243549596014927408937993754631958698140580146297952188000756495799023756154272389751651766154056432857303077133173763265263365236735765379213410936798343683716955134728242132091824878397501142764938931927121572224608752906066370646874341355220559145,0.0000000000000101989442915236308457786948117302199064044864685452527253591039489053344417099473488196995900268718119410916134357245632179308853263835447304254765597625282895052634964712217737301166196030140718483081540713084136339957573728732687278773695238442196478494379981108688473915522502194803476002583393672702473557204078997519346319434706472318371976680273382381714430835793322858230880145005811370663463414454821988088369246740607780615152991752949178518663596855770773998784233764876717961686209245082847647480170364185800575865,0.00000000000000739314191958059865672212003793783852307207822975075456794204703490143622659063067570215645554848863405940596602332912043344399662500383964964478275171850911149818774486509059810303468674019666573325690337030779195082613303357140281939869509418300327579948528900689762638167614306252319317943453455092235285468540634012476421717076998171282383936479653206945330534355493268331619096791227035390127341136850880885433611308819046440189475272683181179983217300598329928884456169214337451727370381021812650565424046610721538308558,0.000000436432585012850064680800576999721793728473597855767706352477882484286559933729380501062778040560429137855493335330102729068387016174232563468682345898322505453670244044209124089307850630427413441077544025948289307423710322985539288553691374969666449339025678430429353472091911966929637230261549143858375861102420389324245844657790459635866715553223950567911606336260105799612970438704446569043666933263675561585314263114015380909018575121244901103552459690572946269367859427965513864543236469635354594461147064354133638035234,0.00000000000000000514749140623380657813381331210719579953665297091193741349724741197173951091506475258078143980674931687877194102786553324592108322280679064892294880666087210246456220972470430225012147700966819475285020317924813365720883843752599288269372702888812759459723053983224077652599339236261258162342289030199918642175192854917557203494952981157606087931253568616023178101854949689534505683146680880052524387283959031570096118405002356386165253425926364496610827583004603032521944874213613493210937172471991879678457633071997929772908,0.00000000123399019293913465287708697424305406506887722927017564542797174269533763478911011037965687641767612662458847093479162795560926982602725905008051087548282327727720632603218321549001541099444409966275559863893687024116227602853667477053426809581513013652159383997301722125899851119920274875458895257843270146036380954193810343529224332176492773512911756998802650511857762065499034232913291848237778550462154147086348357102612174442085924307056379377427034810568044570258298714466029040594059413603579145247819667102533386310566,0.00000000634978256492315538920766375407087961379351780735905678653790431921022082430459294765198739763228323726829990559688398926866552564416798480111616921778126206766783165332747262869840228338836985608420410470945219489005011137490350365693466609530485922250155611675264937665441811939647668461539303042470026013239171136339095841037544331924286423789260712986051440940788630453346383722332046519975298909717381343069023503031031043973371440270474007918498486469435557510402803151043699433649226269219174259671155784883793091902974,0.0000000000000104904303678299225229374722487788757552702593341378780436015894724950552396531187327554575164391446653900833904750896411576176541817196830990945754676512287063506460371485211546438012730915904562298454414857832160030055159738213473569787284239671887503720605831538109487345127423546953041019004690826859778771558169693826653489654766031019296960915378253499416395219261713456696786169055127303660145971085976265335002929154577923742892710904272124561626030947987955482609899073201608151491696748812625824102792128161863754462,0.0000000000101643349569677737718470542167279129139337122867358414765647694803274523378676059114641379073358978307881236131634958685759472526885251473905269719588238082555506874357203669064661998385574040354099185449625986019570105978952727906401188267584219256301364447704320637465035049669418384753471217189550506052093202593280389499023538166529682931217074611986588389624611460795166328129080357271686361555460625235579348780556550587189515090810963735605826180323276799965123597976459080590397674574140708711566273417355698019118535,0.0000832793752474259495984671719081286756415743376707296614475503801503368426370263684629737057155384678765634090662916472834111891402958609788060048025026550527248874475104014928713639391107343222591217025077565964939926161711779242776261730240821807441793071755235812493435540816772484734491483307672045768735146435728991063278880808219763068224215284318344449719973357877841196656627837484663188300841714254011147520139694035793803807358997290427919205399798499379691691964373068604248925034307317138388287785125344906213838238,0.999916273552472412866368657599942492669174706421612831088010190794954926868715669096216305704970212095663282021460411074203974121585048057941595107750951828825773366319121820511223194185801411142911548599571793249346823320173083514231774492716720522303380335991281255727249712828779499743921530516505583360221910964149125128520831962741266424320296002783891894044827646966654654187706854536831697527914126895091640908091939943462223082660760412349013370788924337234120657527383218573288742305587423465631725327743454552267359,0.000000000000000111057267409897147213681887557764360854073967837440528676111965005901624367909624272771139944562218308775419086216778604719097208983646705253661176956143317178899194538950604476362613557813432920366958968870451907375133920481985636667184191737778123965398931355011306358753389088583743926696058856436509205231191101215376897877898340898020582795402351071014959535601680856110938256192222298532431563141824805713820513946722684913336302485151278516724051378516931694410543167974366293468981799849836280448750961712808092106246
-1.85,-0.5999999999999999,0.606035156689718061762010933962656200662109007356315165740258039561929032167512414042252339842807467439552800566472900083104656143749940235272520091823250095844906361972062475133023009268601712792154245965700352564095674535952588105605897363441753100294989096354289721796852321737818978580515734623904276278665024006088622120181726234658929136618150288062487785396641029537801471973535469679200498396784999426638799032334177101293678175030989655829728131794657563827407966763108381669074491851941818819684406476422853829060488,0.00000000000000218207445122355389662548898547380663266118238488970383179648155912439478898907568206862505753392015216553109255960591380812278402294661778112245763805870255519478030831972885758600393975413392552352757751558548027554074603192992631351982719036953400520645607463295354386498620783915492725703686479707255562965818696332687091550956626720608998310371283436426885456940652046134383704685133963258989010310545248811111181048819932321634344551497269428774050399440153091117621080117528058512124318173160590368395673006365209108378,0.00000000000000000000377777930811161324141179579541060960002654382927009190288900912178452944302547400711868928430761088843385300320714507964659119418438826286717815495179450493577613041194855531554952932508200945610620940206312562918862404925811102101867529600085755844832354802122881222517427656800474646926368565324915945615815715980969456437342476684257614678705396944218887111068121390745351993591898607381180968324385845538614134826122109839560907949881628946446754963722733301605016663948041923377720368741778101732848656671787556418970596,0.0000000000000000000000458612786102423685464729705487231805350814821539518640739608028639151791391801956744455299060119817532225245870790378821830862728400278686128128831926146333404898104169708783198847780651379991133080526978244567721345789610334002510530488064245103904264534621889522685544121751107958115154677471225037839963571802723358244494779458151136137920677817666855242212619989797527715489327661449382999164195410064667935816816248199221529760120792017709869505699943205262347833850051720466642991996422202901529229008234229142693581449,0.0000000000000000000000125540339888209849518093345701597720452834427322130943987174668603178887174585709461220621630894894637302443388190142483154887700180465832691563109257100622553491663081497578724073006748705975855331525544526221947535825265925675258435273479460977607324257986377114988765006063583631192795886489123006658180155958353452674179760126651674719503481789739106979082144331143755452346355421882672208540330494450098062785996094084978131832562319633583071308683503752304490079085764074194197841303014242794198612172827148434668828217,0.00000000000000000000000381850013032854311184931197426145021721176592088339220277379075410757032399483971716414752052472814387633387871859086664087193867306710409034423207393499664070395160444426529633227367677461798513006330780921123822675826345066924629522834387698741001288874133910642060958201558953635459495608048328387068627033754967561484050203994599338396262090447017416821272370904939442630221394916382335222160069087765594321231195522590728821926169883348237887230461090296788734664583612268860714454971080378491075192933207474206931891489,0.00000000000000000000000232243514421021686469670545526386439279321464192007132842305187965038153437701930351460223391802098791512586732542049610210612101218124258205663671364815032763711416660872849030635231621172730446301713077944983962347355069191496844279441174132116042510761421481352778527884005188618318654518697160890133461804818917912774981066274468158665484768515485085036187457869467963729173709352543473130315428073819768673542895692070695987218155580625499310476872175756840537468789024440853457330031173646363239071829694058774119492787,0.0000000000000000000000312004026200265964040973300960343271509117441493024950532994837633658295728578979173244064928575673596983322487583978997366711117310441477554425324408533445082291102419970433024610246022124458279871763145864818679206024179794388891779935311300761225335510837298780620073442730625387835120651462619526468971487081004606943006710923927735375433516780585657097826743505696794717551417518031529503406740809220499313676426183211709053405937638388460923716162213181074438651262510258133230032828703314874073180091475399354700170658,0.0000000000000341343080755201401766620519313824391540339961586939795647057782478732590953497117081589489987968073681803642142664183843293641871721142279814001504047417882326095085146233338529824662747893777889647307495952129284415375553868222704130558573191486402177657026891280266503209786150909896729368219770836443604743166761605960018019264031166728609589932533515077712793021046746336832541670066736250438410670879070474368725524608746866880378985335447688006476407203337803536614123401867193091924213886006974235943071041468854837284,0.000000000000000000000808550761814870582347018706174953985300218960341140717039737864422035072704090924862650079369410261239758366343387934771546890555326561510076484786341695004197169946560337089161244435869860677048591541332817598171727501761508085661167132035686811614638384583523972372729597751282686417100470194511162765396615215557510323996275689120601076579072400770727653333818737308037065356299096289493635812935826653979180122190743894455121528001544961898064296565834435540801736155607131911298425143582952431887472493672702129863217829,0.000000000000000000000000697835639982628259913182946506719000907183722886244519185786286675981607916159584765315883693082282486673076808472977362515067327467623074994178826891014705756951611818377642533932207911472620527206479824194957929682624597021124864121963040165810940572539636010471659459267551777594720065449643564254203322045343604392901386173595636394534108062881057301203708264430537464266482939501465971537018154093464716836079043490814542710635053754304361493840934675828375979999686595536671429311339037388160677082162494541982955357665,0.000000000000170651879281423732984421509354500944557970618335336660941753551553138695884908059456504721164168144408588232614135639242004820773642528534197042772270064705733225213423980008208551181554686074794029086131601010731158579959620988037772665663925939494114578580165552630022105220453735222149092995887076396298619941566543413854104161011771188735993382003364272059026076118230123332406832561480509340842923570909163785002484817735953012851228462102496822121614545978804477376162824484640740168960855357333391483630059464198528089,0.0000000000000000305385031250571201171539734406381099105201747817022193073411721677238750379263209309723427351214962307777650625137206147005311981282959110593654607116871824942866047602089919908123112386902924860644877351338045907377454557329149113208573057485387382361964065064810718556272353285264797109224746021415778296263145469887938394076903468337399622223229850181167162507488524177549839297597096533147024946040544005579310621606655799751443129516097395463749719265519620370170729757668916188190862900336137631414294143945000734486493,0.000000000000548373158415033451301272262456117058505686687855715260825213113735165154066164051338625335466263567683364871473086336513496988849863978925102613772036820667183021878242427420629149111430004951090322112726235475530265872723883645857423527670946038723095048769423223898514645407083913203392389896663931954379126839067870508668803315137110301006993925515021655194439701825843676767045169944430377406079937911362165632444345688074481896627936581635024360291041807482716589056310959655833373637530014234374859142621905653069179697,0.000000000000000016182930992865370279726691183215552928578717554315442355780531340334307092620528224691584474373164296442906381543041880180445628134822324832109293292802285170177537662133016197875209911560961847786757017032688614886327430075982829464776637402658147036265368896350241078653390594185645328861968608427584808242683018757295349824067922193975109494342608816757539014107006243429450127769990063455488808054647640517680327037853040438509674598917946531678596207882030747797202214909293457645576786578243801187083638476774487518866,0.999999999999232578822707325029118330434937098569781141146744345966193722226088452007170732264176182112202490813546510749579458531419252847529591667662741572656388781893556899867642235515231403787693160848199066387795444199859700091134626069494860342747585707410604092797576658921734041933533861304887713603746988602665499740316694190436518412695177802748726665846361838591618023120879566746157664458027927908513580655082856824118744675414626039463017757969563907875299321520707175626638450716742458082191074239147246947259133,0.0000000000000120305523170706347931378943551453208126680691821388025830636580853109886223629578344895478803414944103121319838075123341514107370654345938647769546858750844172969171288869707294464969500293869733421742754165678837284895219033832066321098388432556482422228808920962321338270645078599294285849919783531367901836066509256012652349968417331960441068362327373880751537919986647616059990046985141231665082964826083612277664371530880631744386082522076636930231713953090710870306357043245733642105242401310741370855849310395950023432
-1.85,-0.5999999999999999,0.994040910965987382611628442266970307442326945782527485407059770022428289052879458586130482088402880017684243374395393530070893544655486487022122052544953990413335580278588671472075923803475240012326635146076426110203550699874978247241809570661942257262654575370075900761484343191352987186056108947982271024007437632160239232389993825490577294834381513017904111386283956546289084567405223804776228506140723009027716989030313529570599197758758742148030454954484516448290874820597810202619967640990665366851584946604216826999722,0.0000000000256588688609712904182824456330523355547796568851668764928716889963062900338751212714186214686352482598978164927527373819889329800497057086439580632803791837231563904493134827751500889540995081432751441461236980024877209156995558932566485541941371905092661722856992908463928896244663877011567497793575269314000137390063350153015552071436334426463523667390018396847857232600417163522235142600191285850436052694533218817648300472667327919943622872420169434017280835169748045011549084301935821951110256552103538310314274302281926,0.00000000000000481820110395481122326286576968279987338762088076975438621138432549843406492019088718663697650967832121334867709962707089660148217052541043650259534602099225104976796804174603530994550268390109768320276724954317827663450315886151036593967797289580551739406703835780462908471794577360392028925403387018446070562935176135879366942082967651644110932424789421658628551780830666880677599654478113283228911903104875834152232644538562697211729463421850014052963671948995274987065175515146313199061900404782793608953624491693680156315,0.000000000000000000539279735848078234645282945286342364309597833190100163820334518197858201108498586313499700896102870228535335004764052798078358849766304149476019058283162311932069514635301591997971140162897477195784198694835155758141320965758001911539329925596737032251427906428770935938811806157997363410435179056074525973817582674527653922460071501226829117981108348438250422741674406177764022974530455454804272418347294802297823804541058927118288168439370995129761449716285360876139893876200006911591801540821924530690941233061081987737388,0.0000000000204211456670251673336439447040963539150871059372148689150642280090897039146121763449245978234798420323187901050303189409454965823301688295525960710966590210304423476305899498073448880296263972068495396570511188167489435670152071844542287885438109101879897174377119901667946719026488058472099758311813741292314450330879258894129566287540766112500407503711536574528274849901339328663484408605715603921907166282405648824423612315815162718990342398837306105171214489036547778544674740048205030588643206866457027939008317187469277,0.00000000000621002359062040432188367253491300885856276581118141383811034104626468582344145138756793332285453286953718169810695158614939625150855305999023569564978095550703789084651274942432324703843026866349668960880217772376173853654376271003321018936794656920207290649222849402328260554647872947278337379365004765965836945879188262268543911439035559513515504713696062148622870873414951884882394578858014197519845062347533425240836848535527245502591935123179853862597196693010040714113861448007449039037209508370204481156532397982292726,0.0000000000000348305234576890625612354732402030924666174667636289787368211102556247702804260941440743167623529801294595422054330264261211158487910682335225672491349033965144849306038711148823523056425367070512051923408369979096794908696057955522361934682044252902243770750207954233352869259734806261592535707188190293182415842342830896941533215411996278270543977391539250688891298503635303282185672352734215239160258002141406464472742168489602862174055702633526352274407182035095870998945694635573275650861649211941458910334317690570243974,0.00000000000000431511695608609068276190695193496437735202529210464204258187166885643162324803157298404664845102457788083202516543082745633655771767662700664887600732670692577651608835804755783017098980084258708989667159868066092688513511111115080446933765974450143140936753724669167275541659278368123698566157094610495945625204354788546687736714215429664974028052982871312402563021700544067692971418052410020259486370239456714022809332508156169952934226359733881003530259592990501649820515579413982069383312712786717534822362514119533752822,0.0000000435350896488487452857856111179814959075767113583137918348556988609179365421844443081891018696055881640106634344268739954718013083375567826932046162784781865172501576006248035941159703699680318998212502956909391937372351547111687068563410721935955205820393523220416594074621740793138494970840726116435341196971373511263996301618872919094333428809794876887944349498111318417013653393881857548074610574214634896342516108128178301485167563166900898415295645770373444077925171917873078220220287265510455281478949721235028559308843,0.00000000000000103100142851192722858536052731379725918792951266084662839623236094644218246823805512959776701073784155384554195872281091028344609020616469767077916982848476109457453183244717085714192517256234013502396515337819450184917403619881313231790799147585422051901043439479471795929712842763033196920199971141957233113299696063262870228447317456684161072916797717148911277346212453533786916407129917595620173778901440203587304925406785878355632226994354438538298560944747744756187126366171009009513113597054470312059260118534792118723,0.000000000123093177549571942087159987530197730123466216377510977268575682117475504621620284979351644271008525081956179189454301549002581520737848188362666158121475962479380453308280708838670179863372808237026715291807748871163579681144249408657705882439695970950826070637641321925842044721342052224294162735523493784429311264512208898715796205177422261278437895762617949489002449198145843504625542544635257589745610102877846089788514868730199920865305082191253353028970370512597699954559009672667053172615085113273054214862539090448256,0.0000000000185052511795340428266482914065271009980304717999429885821384059926258431935313459331975697063271022694908336073557875268729755228818277469679319759203354857185014304276512942619567672694684770850605912928957683917777559680928668536285749801948828947587105135857349219386728265455536738092874575192715359231653897242536134168541110466451252400541231560576739686679199740050292495966702165523982740320105739232871398523492728816545673545978499388704802823228449826851130749931001329174408375066827076361816616955739964684045547,0.000000000000359100234392471957491961228688540569340589072066620758759340266919224940178590094082256377453680068019006346249300071205146411542281193596151643546914177496235204492832414257915834399158165409753778977342727900247739175219472196691745881629559943686889182790329720682721050425273032259289793944066787975097377262570947085428490655730127426956189365657659225929734232887943934441123626570508391329842507826013200420944766649189182760613488216609158695290976413233145262769483824509370567491574584136224864938554789510310962012,0.0000000000594648185494036412332519281173790222825183492333053276612060824996634119843461819949393504714914478478672373622038423569223628279716611574278786904657594046902478241006360945094046811156225856830230717863856540362729109281998145818542747788375866979102672188858435969464524679090539863849554472656524952123323879706316097239710551973454074440989299839952261124960255559705120695802301863753190469661566472242707747099175363867710485418754610227876708955044564730280693810442650298644486919949376904106803275684979476056586904,0.000000242702130548770621445895033665821985150557430429283299351122233738066631368590753466387020905807116140744319756061752045179344761463337813565822077826283107820724469056359049623402047223712287903921492945338673502933662070004427721529054310092825821311362871116304873279950709914980617979062560696492349491624238812200256986634845349055900924464458500984722823944231550741944690485226099778245774299270049838648378598803473351719490438634351287689522714550182271752177370229433290387262092018476699752506738890950648461046097,0.999999713164914509878883553098565306241559179847560490382130072810923461904274240476804040470031006777822129608798959956643449400499771396755598857653872450271540161644362804150747168962535393883904767477415771358333761162146218434097728987211598133598657685980586298922154014475873524029206020709512993259549762947979195050123249682811585058919379968108183202025112141536398053332557829907516346753362880121626519355577745389527068918385377648396349938808692696200828423873184366897835136313313247380567093987969862041560745,0.00000000000130457627184274163258793174029121154405279818558063974299801173789239881070320114907979468081454480747814839673802498989880923341569193626095785519850649684389893800352000165526022139853455217431963781046910172117014930033553551507673770831293987747458577955351801555800095076922969420579575662828939563294302988910289479690423763890683241241384373537253225575684405842584671436964012736906963631593275996539453906064170713557341969460114197685534804076620509892849814830183601778344566097744068033577345568963796559371087918
-1.85,-0.5999999999999999,0.999977135918948923195645002047533399856037375384747791715917678767225136906899867398436015555600078263819854073135389837811993524081674118777090968736622650951003954337048296630843834377801489758228690817201682723714682274342923962674405124219750306477781423503447666579293010616201923526456753453812420884886247162312473915261169947819494679704369230642741342876754376076587588533313327169345485598145244566819714163395692833267937540615838280549726106642770053362639937528452183819050599550070049142897140299627664111695196,0.000000000000163494889809509014045679323423834758067787499674880367369526924717469084212870661630103017891830846906985279567926659993067366205721836310682954020175687526833661768752278699797888939087400053258762580801717538629566934383508032330559139026228006916375275689637312813225632623995702957487466582407742193086106180102411788017703372027607041764656239981940040741325667654267927716447418634793642183236680277580985240877247231703410304610687185442942026063435105681149172669670733601923337211693095144933211436743727223901197582,0.0000000000000080476146096463634188683693940257554743612252915433983438896612841699251972516637164566651172628424471630487648839598472600814660739216501670675031551402417233508499784231453285962167325513649313412521206961169406203268379808873863500838543625041608454980398882490369136009226092237376039154334877761319896719206082854230276297758650909007187166971349106148028388294701397679846409277739609512064901375531735008171977194064205835129560832800723329399119567487059238543368580454268136118006168788010530915082333721387872988015,0.00000000000000000000343621854364336553995372035193847722651351335668816658769572686810704606880362411489280870711127070953786604892781265936365494580980893263096670550776438781319522409172518767755720406983320405525166119282106946133325676561830901445902204449805882899581279853155822727887160452645018195121806148049861435748437014169839712810114465503079390648442626838498200928806268415038401996097820163239586075889845073052143630598949176648306667618486281977127362810027946190199809203399956724404970425025864258549494816015196594322177413,0.000614613070740816478406377745173656309817413363417131303410341668441457115482445811693907081400657078339574198589091021948265558924449487917341265690530454752576543265615176627395225291112233407644456396797849578065957925733059656367147917039067277244236098057258435421822852171864623858377144723947288637971304338172532785168580671789425229464893127601831517194910343471206868538689918575490948612705927243795750763256821545822788587229285830806394312444889232434139136550032510145994167359515665086523303179317524496910453012,0.000186943901284263089901587977273550985013401121545777084070009853238992255988380883892325269183840320489511082079496931698851461054960606876100915870811631416106287028714439251085542628136616794989410404443644374642190344946049194539122056064508890617846837611338932467771803031007267529121604084821539260910671833772031798703277546776040362754621501667248929861319532014892537631136037110770022223509348315082434529006506990498396940243317520660874628553697900414665615634812333855106024230280174419157184085290195124488781272,0.00000000399913549140743759242985328794124541166224031266034241860007143812888775489102660326954136675253697040746768510794175663051195476521786281234571214533153531050631087254851543078793005672645759073102011002574227861526249319185024498916463545845683597780788596205066267190608802291654488158377513212378851381518396898112559068957326820633268416602755002205916528201455067183321579801022336322728833482813230560521874338821020258912009677749386355259914761046142218147136581992051924604641074370058378277446970932224144896014696,0.00000000000188967341634559770849875230289809011632991689951676991941875706209265676880656588279992381639929191936922921019833403299302201563797754021699393515772041259352863275866215940904181053734930651796484362180829496662562507120803573187731419024680825900360681250233150042741766253826688602509177307454470568273385792950867191407194325094050518865986645942355169933257739152593390641378858016172708956621116748723977691016748550440077124703406545462676875484699229131327879375050539949426015355106098758905671497755063577422131457,0.0000000727146119332309294895846475709653982287529190587246580894651275168276026235229294169373750722447441848139653132509623055045351862401468650026549085949660244559840093761526661651816380651165906247192991823564805857726236906924677925982361472678045706461476201693304755189362370439530532579468801104556105409405181876945142365665003654835701822737495169604172903458714505624129790098053559125568365162539795349063738287092912029190935062368299650206252620009570990402179717066534621259795080094957203241903133498998068647728243,0.00000000000000172241531141072498702995900793035383338649098829379883104330977256679635860177549471408864496491437071340791536710417502703037364073998794976486397859229243551150558238398543691726765412639215832560945496155572018758207462118732398111756433058342609761369804587162618559958063620274589963608058895968079704035549505112386128650021660775251329233901278683104111409269464979344763393811636041387658562741570262930774050584996774954185462945353441464725643769228375014842072714794948370804399940043980496978884498190328679355426,0.971331797996668125620858603384870523932983845626360171183748701186744541020647954648550980449380439950542592293922704876299063511871293518620679223576060379885910235992421827778719350779619174427976855612351595809417859852913082214102354266487365470910304519051546418412069543428798539697255847500008264253115759051731156578530955326557188739463723203759654663517767238376935259913395526976861370210891362557462989671416708142272443260004063165983816141297035468447315742373224835142078457704731789291798934372783449467704456,0.000000000000000449727790723446366401038155336051618947884276995963647307727568124145790677463034300411206666847662944983226942931707036245227335952258189368332431794905463077896599028102512723011579160443069975970356972875891244637072227760187659545689293818186347177314518726007382990203270362361995962457900389976599354337886807644301611817051537208577068038102661748610249406567957557378920827760294291102274048064523097371087721568247289732236989203906468188603787142724485725644152386549254228591350764858647688798460434506394185300307,0.00000000000000228813879406309871320558761463668469704752019679973277187759766899266577117018160993357021607725322657409816896808458053664816766788882990854679127353923580964817801329103752670925604995408144995435789233687757252011992818468612132285742994331719179563592737144192985684801744854190346781462876255025135576952493899774086781654060458349395583033060979862918683766674395056640378460308325772630962899751837675167463034641319621288039833464568281575599369639367790013832753805088288513683651062050676013265353298598903537750912,0.00000000000000144515636197202118157294466438486577955796428673106411210874715697062300666531831429112789878779859571072121817827033110707976090400809823915705969129859638603700762548803426507613171254680582508683383693558291119988074654622660746303631229095907320672753364762013991221197204007355225427148675219651339218265163753423589611975724052842583516618251668229285035920240615358288645261424782412420390105372672922789060732208939729327100767970872846906762665453688914925294030670413489143721892756776623637662587855930510462027462,0.0278663255031707586069140511406344515613788592396016278463807073277127671695461885252435292702020813897994447316428418021160620568140907315756593445390061068278033546818786101370739658521862282430254679172677204561635050286867747560469676631281364813723675701961380341309567933934189551727976706972521568188260682108845035402905072615321219291253538572979378556310226429483820542882965582189143837016865757898726701436412063579855230235768905720461131364680224144100422527296445096274650584061565412359088150279936667641309198,0.000000092692091535426457456758980286946389948724659501131876991637353355570588836464328131632039917393126716705513900077096832149656217268401693653635455865698649838672482615730369908790748285210414102800430696914900685036892009512074153419482561573970557988652915708091636686307497121085360673433483608556790420087290019398555034015783059001091022214903844873405783950597738807547948385974424521751166848736447515427976453738814700981012655170585228848309508392370594193286087516386068636021683689865218053822693572264851259114878,0.0000000000000000317047414744054973323088564380221456962423877373013905536088916367464552035101183022584892087102228355529096741913506650748848931991035325993705169514300792533164279346297686884656804088286579233441181307162798448540406260478953404815434950145931417027909138675616245373717115633629687122085187709854822615832454815906283857185388044007471127327921311354233322663034704677056287833080027433418327232911448660778040561692742690399737753767757922846487117396016246171680444564447841877242686251683109126304504817521726916461562
-1.85,-0.5999999999999999,0.0479761381715970367616007313426492543402580006845388602921329835006836610041611837949528958466931137216212576618069234085324944420057557832882101553186687672077602812519619777164747362188793096229860367074373777994899891114194896595865657725518198012656846451992323623194378635379028646686331207760487166215143605233302618679801181449744204965594361701611300449722512653242807665293876002057567511326361360601060978603343050656987922177012487222393994023424776149228951501828210691994894704120668047221893806081317971120339575,0.00000000000203236933068439472380421409654610843311096209811335028869390359867670941314667810130687388031325637029762038302995406970559728023482662347670268995245575157091702163288568253389447396629483557657428691551952360917648329417633848717944919564134537484075812635136257548139432204072152125781504225199098078896744293639380977622580191808793859180593781875635028604874370605327521730046789874322804141163364039100281281441812209767576249392159336222606895047599519417421948422320178142766985015640368537045818054350800664859514623,0.000000000000000000000000132874184798771629160466477677644434443808907808181317879886233923038419946750072901266634208856366439269819563793197562314337470445239293846203364120095721001756913973217505241096652206330004358601700902301459709084990854244152912765380122872118631938647138326499887052724113518274527343036489700533027117403423357076669349228890107821522810417388151196945961701084511440667873646196162634746258085710268030772640859122726889058611333941843578837741238011474453020713493036122813093998688630914418809839569533543413372795087,0.0000000000000000000000000492285136503384705492751134302918561795944568565816363588647120676305765577213142349579363353926594433183371501786805854016625355857793922746403419891629681283040504087921809067787669165549903191227660221337211398080597810890410903601323916632525460566481768314703481841481501116664056428446948589731851986799174724002037967063673879625440415038652301646225303444776796289929652645876779648312822872107282669009426338311181296208492111623496357801009974932744028462103337721447065929901193555899062887980269725532083748112746,0.0000000000000000000116953367502242685735898939763406787000572445645943490946055766923963962293713849066950123662742968596260023464728450239822044568397491518693376334841004925854650011692280679011679579768331257834100233829128661570982629904822723812529293763636201383909842190955038714285525220164882750243161549382029795532162367501043044611812790834835278201681979790397264918316740650847479922799125092035825081884386366194274885304973342639296916921247938452864271476842266784885132681753822050748696813325693260593368191289682425992788906,0.00000000000000000000000000409886273314054202292950909366538569894709294401363159625323746059587220432022423241093046377969846169336301168450624322213747153917854037837632733775195711437935967007642473874883249688561721659667371993896945980495626206953406269766354376870598687965233897270823135845266360644584683323053993185325443955199549933213181176552798064444867869170117757181325718379356595864520940113011954563989681102826567933061102385964314703439474071243050342202958400499387160748131300820418501555596260096261699256215813276902396246311686,0.0000000000000000000000000760817852445193658611604540518936751589135614988221089320126900901344410328501156872491848819612598178572774574719473770864891277187858895084256339129577281933629351171120804213984459731733514860084382077216042814384168599566325179448792764884775922804708304084414198216461194127504262131023113533671969810339162919202792032652462759460075721542024414079222503978756124673714829184995034729490327230506148611022960839013352187960654876750336909337117475818071534818381356996668614092104948150809796130634746178425467318410548,0.0000000000000000000000312004024685601432551144021397372540729962423746001773821085657495549854443291176699404029272409647208877899869663642962099287319873078284195807494649708723006257199406821055718952174334370247595325877634173655395157256656631470209692860434225887332885238623224283250288387068540087927650954619589908208209334684635951889839316569523671643487419197718076514269513416163098040082388785266564883628879470302726963872424943124170744180064300057250924309894839815114251712789916430698970247089955513835450557624466873754266220663,0.00000000000104196708415038633920790114545456050048967180926125969019034649584371059328725088467913981245967332642859950994526848018082206531798778561752093161182689357080173725288982506087911040389313628486423629132736772827095683975069047835071499034831321761719945852539463083349710802839205845013542952439634738429932629720301289799922295674786183940558107162774094530956552538134044206985027866043686913414445587609310901602666059638698474020419487869345011801096903983287607703602020831879595202605594398551215626116995884775180337,0.0000000000000000000000000284388034827477228213847836002360876295799634283185349992010070533194854328148302970805156509228863404610638959230995093230423899810526625780906719135973752808672497587627807005680256383616545832625536333749248969013136683877926047319437091893549863989622180921453264255900845628674937275482251776846453025422417181113293527528615090343718104536898372795912600025139203485246487628771324458495029030691869040349907053823815586131239992676907896830399451370197258324586879191434771153743271205191536629872222713305225921696363,0.0000000000000000000000212970612091216153073340925007400736814232975127536381160054821119956355207994850360547481486714858387936368484010538409348152407160204685368540004628008530394398854841769926267135581788375961461641327784895922471229288458813278937372195219252061902672740899250097928759899277896666571337307952841608558571534077074788662327623015533506306674040271614376600741187195336312183325334397822730160885691684213569224150358970094699909720418214202293858727721837978718292951676755491502700463024957672995616804215478117577537023421,0.00000000485184637750843225989518975809710686219535652475144230732526616571038256806400280372563844475048444804779133108049621258340775544374764379956164957655645549327633372822203795175175543293616486068322735086683619008079459386354925981457897403609622424854490831653900044233567342778240393789768824501219388810636879042368367067810440718783647493818041556817777865192101257717211260523016047848648076360781609035524663365135031009813451437266665005066261851333394247996378470221314288199547124447141403597927615945490725491229126,0.0000000000000000000327807065897422755356377332696378538560793361045902573601652709823106460535015040871908809366612564093931698340229863322244715914354329847831232591546899024381779707494790013599541063233278333055943920212041461272435626907114726900260437188414455511947504442486935275703270233277441591267465043932580013327603543972915641757588248758955233052551687879655142202170675631270837923928490001095474024635768655976714544782252533634988333030600701762036985536034834462654107951942600461779816320405838181697822056485384745265421006,0.0000000000000179684101237621941413897370297837973016994856927220688139994919645527974895913326362093510224610462580034232781453514021922508727525957058362908207251452328619721443057221698217354988418165240862423232124002075598219129625681326185619230933296743956158815436559419208652535490899909650175654996089836775359287160698733627376281542120525056036356498545931008246455047095954326146841981664356516723840223953873552301744220846070583814554357923815980551333013667874366743592095130271305151085833580092435504921082701020496919718,0.000000000000460100969563419826498128013601844834974207299054708182053506870181197760590402013695674770737965651648184838486402917673549956235691676569737371481378365672744676207478811255664497571015392780110801393924457693434767070154815890126234714424651672169549013565370874868527219937163396345793312419741210006769089978626756797174785493290922304807700966889544343222663731047824413239056999295772527052892704887996052509528829880554325753945945339753394377372676755117547925523577886441123212689415375628047529296176597883444600202,0.999999995144601214173427242918968000108208773369866493030867192580759884621044051761707749564108590396140864665565572813403947415266565999715172904200807678950236574220567168850745547709295282986810863839594885585459342547837271481100608080673389586570147769663378923686090771196554219540834912454324136433678748646423467826674522035176038264664988416382333905626307501259041186986002216716993044094903156212438301593534986923566205261123316409223551740899838779059134112033407574827547563535488917161121897096509545561462182,0.000000000000000000000454213630079059697051873158631008409025921415655593753471614320800470740371943470452976157999396752874121859859701786999225574611495115770316027715673616170171972739570337596824750217068450712441638919817229497620765866138005121344858087763797929570929499659418851420710256410783531632268686281303479720920615326587051222575433644189952103020768212077945331823297021768845954875469282914838299838972955659417975099392626851489426913816455822855893738380901254032487113927797875979851497134419350696647808438370175554177076101
-1.85,-0.5999999999999999,0.963051485842166829663008836598122888190653315432673128421599674686950725323320857501357775276262490144173380141645719455680828304204555980276493822863592812316458039534440022781859873081950505218210618728174955901904547770933240115955006375976549587702359500634545127912114069771137437942369568191954089141105097497379995382921341734367359880651311886010232905361292154537619312128184756619168397292043064727802455177947770458868925604147063902764313148899955742131803238592472050152857791534126276677570490249326697899855777,0.00000000105111431302912254681264914376345071426280067559744314024488840876362142983375225623754147894420177962934988528280475579856931456325815538790258537802912374090522539392404924165607464531318325850965726593997908630314773900422331852149275282559539161468563380746160957115571688895278444235093294798556182586314716619220026192261100173237433579613880932943682142994642624494390474232971364113972167176964384847800584048465037424730236625900997435864800807170736964833119060238518879635668492030947881058347665496374440239671559,0.0000000000000000183757618376005541635331325736683787692621697948120519326973936123902455965035493122931323009863445240382625285779730591019742134848286010257498794806627740824371839626447785984626493510804726784758322365860038911076099476583574004924697326108504727453232166127386509166177332788987920086515586804184715599519550849800948222879598260648418909349850248597078968653892513877052937279347227752240588173094855627696220997161890149106268099634047113249535436786698687963240728510173613801161669393468392837607068297710590495384795,0.0000000000000000000131656635432285700685739637168658988741325518331599833662664704371168617208093298105349597262739445039393424988214464899348442260695084158137788055471089240440248130459140213995842187076544391248940960318305397181373424150612162301393916149398512403134998577409314117599445165401577327404665699136895463508025371935162281043609590607098362130976039555956623728577453985857125323229721299469046021429188836278887867931760310111828580668622648220875645476655268167485572190782873958479187429119527585808858397292723381126246684,0.000000000836365641002792025282228957578945398971529599735443115103827892335698136897512474502091776583337544895043138026544696446258962022225850580540810097447520865789656459820228661338551626218209791451644482140433581969682330232398186547923416629498151403276874606885210680151818994201317225735889039688877355525298417046516244496064429304374958637935417382640834991065378445303544121677010795671405780013545377142606958296771076528289664777656192805425588971166919264254743228655558561616402048617504152176669817427618756019592397,0.00000000000015160792396741008436740185901711480470656119815650496077779131246281451096994239959988915599165172233125540834681209579820812948072809823858609859240541783655289722466418434453128624858352444793881508096608810303694399042109696818249497024020716700342241422126353149118519942612483990666479884170640867269748447277750263099741458832514993349164510786138417610114233920430769077358412171166307699536288473453496301835173602373316652198302132025151840417445840009960011881716976370840659834505642099464897435255122041419023405,0.00000000000000544202471108604756726703671384522505468597023575305915856333015900645231558767687641709536327967882284839827528643092261214185020302664443846645691494990044187357310593119887655127037545564282577833548327355340652149660686450910505513816645266210082010838130040251805382737593109878760448031102894776481702682188112415395866124356906157527731556290873301639228599476063082707223592343087418800071420197076768885081917334345143996868879147308605126038603213925113366880874646336838509836705612362084620044076662798487510340692,0.00000000000000431484238919557104926116845159143295953896626793674540426094894256524591633547166961544232559313147815717656565286299763088990360692688551964856847494576453156100170482375385757920179204086417671495122606828216317347849973247404577865249856815923952596990070895390920495036395285143925303909956893939097484557214282849535044091666402990332770565553911378543054917393726851449271357174879601287983183361213862116191865965852299774314733497623880926512658724584123943810464520518975784075625056820453046933493955000198848574063,0.000000278601638175873055792470539454010621565083409557398152391492539232566332809073548281459790141467928366611400903865247597586222759132075160566149837789304066069159364862154155593032374498192515353467520607316551627345781343476841055972051194067034102653375277027524363867233691305863314429702580269875030251701852739643654260677874035353539715909579720733856049982615130216738201113257568254364420239818709903136103196549047328731933204936171856809839997077622009021620338674405031328174326896846377599619773173362107009483082,0.00000000000000000393292858606594009784218354674630285112935885425189778596420048592967838655838368340050089365504252917895592398217068363318364265131827478845638202976099481628430809865227661563789457014436445042188681972832330283976127752407521165413547590954003738571829586850434898144680437241480548554624226911211418768661854250499492521489458886303095119444658714150151507480409932414365576722532952154278689180802095484148564538062015402528670347803342215390156067875331329656363511026778546923051290315620753259194068271778597802821914,0.00000000078773148717958802814511021202702598067721232744784424352623794301024280519330910109933377023518667704063736876673179376358355306123307656264966607667322330272939445633581412816545377548132428757333567495055530451396489174906630488454944235961134021018620234775056874558029030857511329649169932621173304078082342968134068010852238426175399909961117592885444797465280401205680247180230940175971195070181516342047771863461063213830444353380400331448496627482509800970762740697012885990454110753632856933420944624516574470524317,0.00000000485153629098745499460839593866665504910363470222676375360461734914071066272714602399171122738655034041201898221093400756646751741415372655033875598293740054233879812049381670967487907553766783366768098983955464198188050879814285352445120591442904425098028207187644052669176683153520987537432780835854505660094368464143508000090947968226787628813572848227574842206316158558581714780179098699611311687172599152219665838898071002229938644228460339591208658776193604507408610505578786315935796047827081504006903253057962292748274,0.00000000000000876686541331062708992967201042434862835114668583174469838955750308652956415868702196087786873199724689843448156322879625875772685152788154938620069087626668764258037805515734553182385915930553597220070792994777148335584286388243126306834378239835426257532610482566401425033652322464264445210691517149493293380425061356070433764784594963319757579838711768975835733710307885882682994565916247617074848096353764331873027866668823675857937896330349173526551577923151552895335469270183812226908047112008932230438783949154529943522,0.0000000000092909603376823071731945613506344611680482100078731095478703975304772303004191918351029020125751735345110251972117648610037998987590269634185601757990679399614674475816208811382135981852570715788978647400644145448358223428612122530276951191513047894065443269583896293593057765777214776818684735134081545396688574725377032658025670834784308469299674608873110214920531920810676916615246558142847182971158260025752840166865532507386533382611938120073884389173822713252017565386159990078382551333385246400365304700604549656238896,0.0000636294089085140687337663967254008754167586093500721754765990581191413438992030485791972454865895651823753716516247468434018018114723296167537840710952631730228768570550544848884651741261178346742492402740938313494167000771806650321718138974372040916708375263473201295012102221421609833148260288025371177053901245953319614289497371160191543508180065547568904598972747565046225528878668508735971130587205218160184906885033534148943840860721188669037612200444231879500705620598083919993923697688662635116210480687947038448822279,0.999936084110462819110611023463729215650397894811974791175045593165290190384043965420566829774977772992595744571001701078164653458381143118128791501714970083180908160732825805630548869346183480832438569400463275644103574201857004309381409326292164791474792043061170205055350525802671711026818261003451586087075566838009802948163037125389097392062498353412516015899592836058558766833679148507982243329417095409364330000825605183781128858320693261461856014845974819602469161905594076619799466802390098366607852798879543571699658,0.00000000000000012147479960180071563095868392091388484911349089181673123162374979133424190694590603274801420300970688456640225471033073628556818229511763603396866454308987507537571244098396866092960577304856235282817285614922697752341910368874815551418109525854023650825190570621378316825766596775127231952666072077095704752645926189802456481295408236583409020866256757217622303457660695964296324313994523822975078356001986666308764245195545934294824446537942702087243029464151651163724391542958903899182208691593410303064347575795061965097
-1.85,-0.5999999999999999,0.994040910965987382611628442266970307442326945782527485407059770022428289052879458586130482088402880017684243374395393530070893544655486487022122052544953990413335580278588671472075923803475240012326635146076426110203550699874978247241809570661942257262654575370075900761484343191352987186056108947982271024007437632160239232389993825490577294834381513017904111386283956546289084567405223804776228506140723009027716989030313529570599197758758742148030454954484516448290874820597810202619967640990665366851584946604216826999722,0.00000000000000000018549268282165748590305279753939682804053550247576978648478084716948489603092454145808669148541184310717620178371069742649070293489513627484635865371211299679096251408708656919631435310004094388894429847035110007167631694493077094744081610140850886865413272150879667576465693648953454488195431476083880106434515281638317131285516806593613791421467347427676184530388131268284359641779248970780774720105699110558838948754422176157724263116871560709024384271048924315607500884569632910666517669390329698268311250565001974611352,0.00000000000000481733330590930845847728500628696308634960742558619765512798702813644776501699451595690017327911722650151820834789114181405952593137343706907629535665096569255900255197209788429892849263006205650304455687962264245196653713397978251986239283260846502674903719927205558567778154326473897320663615621087533608491085317939438749809198204766579371450223553760438850278169478529444909496932582262257860400506997762244761081023658400672816986251160375771015902233420993005024870424816242317948522958186636704058343012999206196638184,0.000000000000000000539182607087644369886518833289896479425124122524150326002483434350557245297872571770780518686449680696872192888195871325623439829913692166455396391954961344656544913950822194673868849799118811384092291597920558520586117256001783239626235964777651076992069839117210308231221698799162012767295586417091914827034858628768324516959712699617404022428060849493452786637696204876701427028917245554336854651687344005344033979518554315056393310075462747761441161290515155286466804805336785002713456064177836671620496001703638858511621,0.000000000000000000147628218398594783150591023715493789338507096418388526881732258532426334092027842243407358172400768650889014377314684658095628853805442937533128306291312301893398052498795366982868996887052892894601745478247436539453441728974547550213138431952855706693923986947806971112908142028508879346455488699198380295805085819469776081818610516242039761409292696464614529757475053653523621438380406752159506548015118259619735971757911766315542794768203227820193333205850315590517020893495844479077695207573504747606925792087044544852671,0.0000000000000000000448934028406098320641727021726366330985893679680946635908895500822177312605402036157263799895523933491210937284740473221683442667425581635617120444004858620060416009389612689806551004047504146331603905473593199661523675058860632217141337009379411396848823908208922891356649092787801189631798689211094547667829153874072981009874011022309534976786232198946735384579345999877448892165054360017003981174499617534603123108921569270585699849619835380649918663752745508524614705201103684531164780884946435344568861621457113619538608,0.000000000000000000000251796260983145176188868020711584643801603017642571865692362937442430641250433084555897538298622214145200675727586757124306701735644445745999207862637375402249678476974299609144850881812789084231515881506581372670948960102078686704965909837111192437386536827228424513097015812778815384985618449339384552886960545429997357174540824224562320335162735801928856731097847324328515925424497601007337115398504551847842708144910709496988522772214912457816273593504663803927742742615034073837214452560609941352559246150573580990411769,0.0000000000000000000000311947742205863513417771521340833855763178524475622080745232619099117170590267144378447048603236923793408759052383116384273884231647692981205984569612061652387989451416001051464881131289293563289055035098227516520464791258349561834602472138434531228429482514937207843659087097763552923000027950650264950430516724117314368855286938183706178663331502942193967498374615564019857503159205205796435041190956467336177609459980662266355884958588274619889788234663069733090711065699049304777348166343760608996574476251733364732806522,0.000000000000000314723171142184524086703320039790838292121310978010475245656092822017791680185470592957788867980552435121893538568560899090982387711478631107946648031639515262077722737204744345690250353740553395907832027515557403149359918071242555898084725840789533467733425662917439883387461770379761816336960925402464534678662295799940787749910859335504608915712952782953876106135571937783801520767113979908387854406373866467445829882358367939445599700762126489896335148850211380248311188816315730337659020708093553011220959506676932590486,0.00000000000000103081573658972023883927573940238012182723873340461810404055628820138602404687814387072768289137800639227717088519064748337041031477284133042830293930321272114552304730656843755590285572551470371619216540466345922609224134788013592569067490609920674306076722042304604726810643482796403745617545175715591295591489020198437730961987173169728270853870751889160839843904934775034144898957928029917557501018408279333743701705493229666742946796466097738345187149511632482446446281494622876229442743218524598620997501097770623745855,0.000000000000000000889863222904690669997059039671829125452755496779106830464858037153679245456166041674286349760532659726220400065582644318328958221330581427704403786124036942534100783263032504826645456554234012836005892212003380978334146188289847159201387204737008244288662173628748176232371721603495374686196382837438317019175453856217620795327203076195560730933759566678331170170247104603531347457575120064680803366068580485588642765290539818189765497091857677946910797593148454064418121135206223534359632452568041410200410394645576476597791,0.000000000000000000133777864728931839401464331373119871940713479338887373223351133832989893137864404972294327762121439936854733677152097396698033293520999406966709120492076398538020946769658743686236561440975769966137250302733054017250397555010213090794833649344366914829518772876235073176458414109412700979302655185554635742473498707116134249629436584437492315815852621731532067228164994287927282782226685531822360716734148168241938147099443227086990298624865782334679946143177611838123383053193214580679168799305441301743740681651961002340352,0.000000000000359035557457071816802572307924774336526524447869376049326611103443682522759324112674557580578344051995206392989952352072836237755456718202814218486076968002129076016035787267002337618137224461691976494487411770036265229219764055445148477073116748840532203650120908747112843733150629153283272308363632750393433227074046702621130657436234658396621357348963119287688846668302816475357817736359056059140232096965472791085766662253971215740765284982174640139560624326213991609764206221302285591972555333638370316464200450613036975,0.0000000000594541084415853950048153998482297889098142165586214676315104567258625079296880340885839484709829526954935201678223092134405160432873595851253358613478713265441080482741651442157777342794109102427820140462426359939856013011259785900765065566502741867811086583433340514392511911863917825227446995377569173737663990009446662172178306813877783559788629467324093118641196940157325091090319430975461659175277952845701841322030766949130129673321608431514329309942610550141605726898402737754773078908574531851289371084284170563519058,0.00000000000000175453834562835973115305256369193986468551898285700763536886229163226982793617402033447834585419239611653917772934637225138395156127095428485617155362008370337990509081304623850365969142435823651285802107310571174681968549167989440460582983740703514419889699039860747403609883519480971646819485881046917269385896442744129596136509796464324828812705944352182952101741232076991654948457452939095692149225896565762321235458700205252996662350431663336841641451464491976861977639976880530750704480284909787789330204869499237431651,0.999819604909184888285365298816970466819928568125035023412704992648508612322722034953121093083804449044554085780861324601664225958724019942150989973081871521739748426387629981554473771823088703451012141993505590210937359959328751057008415799379508738233077877906916589876742765748711195070380051212976837865341781495513713909559351900545342986623197564050365853573949345176251151321247827886373905468059975151763132346177904983902074885623738152042862455209104682285841725194675529033074988093153533509490748104991027358055892,0.000180394688252454876223712973888914299264057377934864525955219901932799282263910376107354188099894605501445426085359212624026292668887590288364472385076368928844960659893552136504642016809591371654539456410937269886243672739463922426445663864534347472578860082440580612650331021526376055689757022018051736773585433513688332451718071476929059342266148951364341858940158551299242844953953179442298923831633086510664031791481128843729116982504963312535093394483283132836482662543901442212023826663771309469873097951066626206107576
-1.85,-0.5999999999999999,0.0000541029424361299664032393285569836812261361667495351403215308542443264958837993449920447519013817515476525941535290045632646090335169560047523835567090582945830454166391040791180690243428642109320279346200387131724906506544617857479857765100540269430779302080370028884432899684434625529406993550396854724846860840933275910225528704577590547630778906562476973627231573333019793662099987394476738967787612716388490537980058816421950541260300834215983182916960517990802664985919646332469632406945767748629871452695472312651202281,0.000000358365832258385782239533679049282083474203818935289333432184599411890022969712201953087109766360852661089383501408574696946065612144250519065535258049794472369643803188944648681207371774193864038893050652776394948823124205759644066310011468372144555956672312629811700258649630044459869927150149340650681091107684149459029091334395021543613045391014187174966816986630629659638593683565118515170406788127770775125708467403168500255442563913227606458727137212763239316599690410289825727310558986712957722361360095015324754716336,0.0000000000000000000000000000000000333974857622558485518383328654848947106911305093112225585892383692521046779807875555287060969641523959253979167450514154402796791503672425691309702933479076002893515166883730209695261789275019070546138370630382660911175818400468678613915224444055369102183387860255862879163754951023523487257542412740737457886242413937229926182972310665547662915576989054817829410294088260509798201231525914761830008788511697260647067924825790628858292094158713662901101778329052068850648028930215801802481076103494646901238206672399871924399,0.0000000000000000000000000000000115270802549674546341667169945453703012275459144196849356466610647044310414177642845755924528226519060440350549917028380829719295650230005139231699836020851532767583677359583517913796900981573538980893580435759138096324953100319456553919540067669280900050858464073787564865232087443277084662842403280827247654971121503298060612133250712742471502656980386485572308403239824288626068421951271528833458825106626469819762112103568727837928343455916240295120010585938498787575812523787466907093110305981515290505175760733440046571,0.00000000000000000000000000000000315541480085140040535633412519225072799451850331326130707354644254547194286717757390961027806501309465423998276126390934723315857686781144582522837528113005580100437615718385661714362750826877073189846461844954564321906721774352567320070087026221933458404426703035325349472317498069593801201241137477899016915447767244835976018490121431992319380927176813205749000415699588502083605575797084831599804235068365169022709556994480498837495478519129703475352156806127311007025315915733370418318162205333576252397612546844893665737,0.000000000000000000000000000000000959767341638627066911119890003247902063193508883670802417300217002365693578987952783788511387252546786753615527449323013411619530313589189062701641851399488473303113039950990365825564403215296758569057441388228112824870569654634634248955126042547880874503666769350844022634800184279274367515603019411736992592876522373178303960801370291736225129576609992070169736794726706462339544466389898214382980422616471751052178794360786653903569684417158549505646581836104162218001932642173034325706201796960494548186343972616363028749,0.0000000000000000000000000000165963552076062037511274609745873998827184612054892852647616741672898101630335845503856782591591377593384066654932450881615494204208000435494050436614213211349454112433844371050810537862599540260538469660042394346053046464873824644909300090705683109332675044054696531405188572909863404724154216237775655774589274661735588057218118136036107346601492496580560450423895500656569889570477596130642412273660532988414462464066598706905246675073071116981387410712392814675621067032085104422778165601307225007184021683416904146583612,0.00000000000000000000000633906628732604552325490721552314870541401989583421151125870092477761643286844896486263212809754541635082962996760622416411150271593110607147359592489107048534456136368050756833369750986538885184833004386640513139667568708811753207086827235990610117055853232619517647901155312214969959569213112347103117669466295062078748541023972722209446467630792190568666880159920678768612506844035485247626593210044409566291573909396644574371850810346521462943747399335553258187093379286938827772549327084637994988966268426867728131986472,0.000000000197175144171908121200958509579366653047855576967834820654312201762295497093375377536146913212983499952116055173581747980370966433605505542353831572983148838885072795267508073227248980240979989395925491180125482332687515362487192684873467423917708953558886571918382017354179919042034341764755690290100857753857677883099042737011242305858677193162541634130215809618826677303187893700728149474371627375132946369121912353746931691681480079092448465472994135736396316574724666299629172729831109821584479344811834060263052856291689,0.00000000000000000000000000000000000714799895742757490698595925342543352991081386060321532818729120068376140524502400386919669495887080034501949225883009304464374316814380832067714175946686197261171026970785418953575029286926386715484161355562697339563119162408861968492220201496998391942321260038805919451362933785911764812194334234007112073241445262254120707176856851467588031690541370030364925563294407845821880857233307922800382899718053257349477859813860187066582390665629492713200134153872241351202659396620155005344708617178978923718554436573360322267665,0.00000000000000000000000000000000000000616922110846236831333677729536219694533081152259896937049411721220873241058027320640955884108405730423352563560222998536105732237096978601463509402406563551162919073515649696437864501183064570620585217433573654004128158176667166580893352848490116395099966123572842017526189528715859328269138001576134468693960116677187938439055429859672389239668553596468995077224333892037221037596219636480570051838389115329212706791780129492828281252949894241903190306908935617376804948483543497022864363699497996188123932364470008684979166,0.796827061758409959871624576270433746330434280911385663192638336631549285780006032512447534301000464962146984400075863119275302157392969667328438976698103040636071333094420019242556170710654463694252180144744226337050815039555151414039828118874955402050959284117289794922315697837966854606069947683835879257078572284278164342814460531349231847737549018038491893798287421478461578513635808539620976683101469370018834180084746175426652219577372285471971686479891785499144807886359338729898782091323451212093086963687303070915862,0.00000000000000000000000000767575146303247556944248169796720004961162660155088366584947653911496714811176972568706272185674009023812761182747109574957628101689946437491877256155715615894181885970289563229804258415445064739133653752398738114042743558802080992495028287082161544988816248432402366505920876241919556365089774934906109101612002725949899509648744206021151559344289349744703718475416771323098067569118457809063673693382526348801665872937512516037424599617941330223343318143741264286671033508383218759987196511300524769938214810595310093329641,0.00000000000000000391872976348182433822454922882338886656705874567498243847996956099889626348732149556324776425083010628699052096150564624734797080996244424775596342341394910750042996315684670309009116968762431983356763188784964644901349195806640659798034662207533821003530657339531061562270188019759404099707263810885227357318927403270633289001337085124553149625782060753073635453574056059981725403036161253907656567002076856000026133383154741198556501247275692966570234903356684455409621198469993589439024103536282864134027118948886966109743,0.000000000000000000000115644853087644439093019154900027195182681007609854605847181219866851953614519605007981336518399714669907738537146226243604172758292575983298750867987419329042312329510238250489092217555308165863759979044146910421972018229023037853357686541645677271428458997322562529564054540011328009166376048701750970432187260057770828709522603866852870942099200918259380931327652002909194623818317347197172365900381727482027567592245536045555987070165557637850760305288579997842822543779901545847727566749057679276699991590747764800682162,0.20317257967858263365183330790136588414252755852527873806125470683239789928456216469892095366600886610996866726979943255398400848672277151944283410849934796515001899269588706129950173954470052054615833388743820497091628715885609307040288594973956880012172231629834957342135568258281902292930111357597383710945013282205837524861289033613081246028859055959153434512825522983379420438713200192174173366989863944704312223379703870598635759939239718300497867035432423112159257509503243070948159510049903141805039379040839951489979,0.000000000000000000000000000000000000131574224580567047078714139788217667304121380873506447976753671331972669503153438872613489719764338140049313846959571631292301567729987072000255687970276565299002887346981800179271587738675601339456606734865824939309590000814968745646540076521288401175380326050687206594741581178355375353338558812421056963925422843740606463813455023694124103240105034419529021130289528405037795771862093348708824884347489045195928378926749165247665436106654900649131287921065693065930585992029569404998282982201252469139867090715365618058093
-1.85,-0.5999999999999999,0.994040910965987382611628442266970307442326945782527485407059770022428289052879458586130482088402880017684243374395393530070893544655486487022122052544953990413335580278588671472075923803475240012326635146076426110203550699874978247241809570661942257262654575370075900761484343191352987186056108947982271024007437632160239232389993825490577294834381513017904111386283956546289084567405223804776228506140723009027716989030313529570599197758758742148030454954484516448290874820597810202619967640990665366851584946604216826999722,0.00000172979623158610123549161734690101622424805182329518317496791620800420657287947815494906699640082379852874227358889278815614207938923030746240275761812885175518449433373844251270129062463227138353585453088733906796834199944485240553598337825289932069210623726298974596891179618956394727016136086241178813381066383456356549262123604339610343288031307339260531268538088025930042857140619809782276759788173944422891017129234513750416161112752477984225844064591213125125825487524032152168474764265841289772402443167657106300782063,0.00000000000000472518147807807732831454285048807019758945542702854422868348115204408130936215388396365182454935419388199470731772574950024704719566086337116451088303515121414443420873383163620889948180636211765949841969727765450228949362302622375310591544769660972270740189663707114941209738728639124444606484648638894103931028013069562305352696441081838786208335236182647130044921835144246391960278780511649471471306680227206435899210818944217499618946600348256698907933283858939675301495489708037393225857091318884469651052481799998580439,0.000000000000000000528868464465005928941823467360725746394186199682108720932039634101028543229813565214038889574821773576198298732154537527794486190422834237467569892912204776030414316617823836916290788307941812289855357283921575140967570477573898470701560555046569238489133372785273901047474781511917038892815166189919341405864894035392833422834246784905182868294974639424306766279047910921986718956793989255611313686042242529061725999393826029277120730814843369169380045525010197841274514629294947676905277121907299346102991166918062020942682,0.00000137638895798638085945353358289401489131891431215684754221832957386267579317484052838885562537884052482262335945988691633993882672490244282199481181208461596994177913922313417733333168947242435141038194883789407278315278930459951691354153427158463675475840831751705562921657458764645087731530241363263112677469541415643263631593428850612347250927641391082904295380840752595287672448289501872486479446997068282908660004918037916075538602124335748463407630357674533433866517133265993713676927183134542520462441305704950782563976,0.000000418649608574730101543515562165900243768840980834311207936411222303190617258884915739792059981979513978286952613044995886365861499618679664700606499811019586295345203552062605277306526262297753949239627047429689421992180389094346085829345158383755454997776536060025098175883362783199995722135834730186199597562213719911591834507719954158727028336789353148274285561930149038124165399963928615494432186996080642093328688446722355270913221441410722349552158846654637851636345350454677264871960679362894016705345232052063942141554,0.00000000234810460849758545502805745724195583513182797567227409056365922136263460128653870071618825532902122616056729479703482038232521111065449632659397134477960843662227519707293028392318509003369118128801360313195950847493067288681801002405363875395340861412037905388199333985403257275006479506507066784710123317086922715761114752544249158301339730836751537966770926766948383382067898138153232464661846671459309238438682088970160371160315166318239188328849395678786930856424243114781702132504856517552267203479759843765789743162778,0.000000000290839673131908438354658186391844279404791842109555795504552141363284586377835574404296956678642801334121988144397650016045754514313903922103940353854193575940831786494156199607423610687686430715011940848342292375240265236193610955714859754365530486426141725659643080496677972502011695088361664363602898161765761249030999943852438420474626853835178335411133629128373433285340646138346170999423663546654458245176900177896705882505509462615864931571664847150055477782495404109870109870356355511142010841409499690127513822591403,0.00293492415524552063784816420423518070244814603870229704874134108183894331697407917772982656958496662693957395653317435334586157268255493228840256421503980748028986786219357993490980777111561873189577372627652260997094961682004500283658641135947773621863950493110264215069960868596218992439382641777242396657353481734140151866940120535043364020608172205600838547444885043649725263062780917875298045245105201107142726750435509591906820219225761918650495703831318709807950904681250344311345225221446020384156085392415550695720185,0.00000000000000101109703575425682726554442837879563449025125555602070961634337425833428802780278661014574701343559134625796597169198142645483285673887212184781922766023300763294648471558029346441657977197574788429890146040184921253263657682754013561200061772909580272415563114421470859468590610963512158516654412379105048037313933506125853863687117699447821428881613214271087357165693028121589261017017248479592669351224988852426203606494145410854861235766648084016075810503030321725201279076011522065456908165021339351671647734705880612452,0.00000829650271073006220249962710081854592846197661733696262524918591450723739636338206642669406369971709116986141357051993093811112231366260607625501488862397945616804899536395975060529418520202273265090641220830899844076911383984449891266341876851677036377861192320256193452600465612866153013310756340579979509184575942980630315611152353527938479572893373326854891526287127215791875923024468259821286982338701996085250891363817598030383599569780007914414727098636024996704800465293092699111942523612047536434550419133380460012997,0.00000124753409545663634737940979196378378260575150956809220656390491855812844994638547881814230057902968142360695706448721874805870729502299776593126353395675684461016262865006905685440536619080964219673118384110971877965244155255588924429172877542693917524890791088440569587707116956891653516979014985935694335487823158757841099446766330331774850676964506988462368862953957350826312856315889669275815130584443098446705277910506340472332859063175831764496784779490071949441342024807410868613984106874798119557854686458415966492712,0.000000000000352167487349593758474600024199975822231574571360554696163516569693506811830407413894806652335099067643596681654511991506262545143600271306695735372329463018137298774859306421940901579445894878577371991595638445754101279513560885076086455434298991567635439136157749591694584269687881383055611534065285857300305581608855019219633534121255766239395766491555365040545664547240308970654919569894711420865823347729678472358191183720969102290618146247380156048361356279529967101395978589398623053716852786980651272509604007369904736,0.0000000000583167977310627075093665918144125747083407366002649233990721654384015184627996158338317895908365894451166842639144641107247837653119453270794535857763320327921556180903951780629964902068925407895050184007468042725622635007298907117219151104811714030498905534400115782824904217804490574967088818400301482602308839845693156448325300736124744775529846016669417684204811380510017893652220955565711422263719115608230690667377196912871355168235424439544655759429791208193634223738276948233432970563364150274810358550235418350574848,0.0163581680486469876926799435339431715488770984320480346115250336214873659460164819902443732659575287954420805561597422662925099969666435699614576586865599270617768700332192052934046924646691200008667700099820747985821200936824165580857805885680674117607130932008027525945902961900533438626648742254654244510079653420110453116267082095225240699112967941305285465386777156247422994836066205165009552782343081028737994248552333187522153250955301673677670014649761318456640127096923313982371336520063334659512825604457413208158323,0.980693835890698941288923594876072895687057244805034841628098357521069036475768820705969079717263581934801616641745977207146774170980685736590659031469730404421552193921801954262776744359476435085190751112105146532078346414386718419836819941737374607735501507437255849671710308138746866534783126103604814656593353167317381503990171245173448000345827028421893536814742827696984064402058999186151252086773946531759064673580160205447421109828722583335843826528371909009806482447043321232407011182298876284385134441512152746113575,0.0000000000000000186155357144641598412295141292099014590944641611341704131874143868177478022481872653989352172213084198952665739037956739219365169833925963913177768306738791959780983566410623891984412068463771191875512156980447356861563802974767703519973318556395729277921049092796965377853994612554502779815477870789113952263744070498555084952680024177026459116282947940894234499704181077450185230278204117281794556893613385962541085398560297598489689224199918346937935925818275016075803050080767155896857408683048396873250717093001429860596
-1.85,-0.5999999999999999,0.53406178502302800747402257355675653154534013400733032244953889560738653011623297520643281250779391122826798668233627603005643957763915265710130553757021997169398981671523220750869222481484749887972866683006803156043110248297595889102303287972059977739032401377464174012618043359971377115674077579534947260669573897609201532481483332210024870755852883022474156626513987110791514385715221103760392497732635438162458176379434347403700881389770892758045941005477283913384331415252344986213566754071697296300636968544125270450783,0.00000000000000393028388509419992383983517819672128051865608652602005982074103517114040355723471410596027586160945107989129243064780133687572968161793819227986098676517765761884620976484650359214057329384683943260797222638684560560951893160263670933547788342805475279744293079339439076268482802439329081234321948106206600235596466518698620873405183615627587379569473366943180731914427382541934306883731320007952859530690470702048540536333156436261612339783032125592749718434194566998133511832363211856411748462793455445772251057757909771444,0.00000000000000000000156280590267992817532532369924222672959356944351281775135163022768029345749282003522673873057458013210096208517144907704120089976063116231190774518942913326570369661160448444460897113811744685438292369534639467252667615511575341336970947860668385428588000308050971745676918165789042563049192579462704601377055870341152308755817059514026834234026255227328804152560924967558824196707877407314898366411742227220629651319736938202119259077805494978965289897207431644753505643476140828407975248745644149218847574060166788410177198,0.000000000000000000000025456309030949612667060901968732891855791838143631431259341041558115704490636572569268044378823146713130301150865180733389337839784369040166568044354686584740367289158615438486144799098259423480098930213250660621414246701249719479073267873024864412033272504818273548678450373184149246332715791364741845038285005552958156648385172254519549912308965202609467979836824972683999661918460316965635680746100497079042339301104717569783377806602374685098640257444096628942874298946176618633464082235600031073669267315608006484424822,0.00000000000000312799836053381044783261714188951463405862462583641827007062716453422792918695477988413880559098591001784602042705121325158151528555997641566579616804703313294257921029943915698609761778317300476085444987210267564308891159766448508353887147811410960410842281686975574345394887751825138792831289077268353038109265120221184520890827959893670122415019347163827138202054267091268760585258728470060193339322039665595368721383740483290643110721744905719682501415352379517686469455496306672755769985026696948119278848657129636696521,0.00000000000000000000000211954228704507580538941760872125596939666033530371468708379308580694283679474959721069279157623344578458637665158326921611343540061125120799047129249216203175935883582999042947436481661747436794652475596455847966284713284977335912187915444807684458972849121080778977732403047210205322746310608277377195938776860387955351967139469099560457950175115941166679723256110271863353883484492380331312043713340145270272741410479150439626277936714573966249607400040467706049498760750801497316156672003351134532975875423320716733896187,0.00000000000000000000000173047931719012144970522726976935179220920855623889303684926659482745672359214891294177646422067436810847720104288650632629224154972154755245367934797455120273583197458662762671882221467289630465849465303722227065324185980611263488819447565841974633979198860011492406836153999423183770380338347618963552566935394901825154394982456514176117335340664653978486652571693367750079123725624239193534076585125851135573918812854904241246349112840852396698794409424166720225067682521335180452700408202676712718102217793242770015053333,0.0000000000000000000000312004024405240117807676118768719087746649915978361770643703496887035399558238989119883239060865354417484254159420351376308776286519717921488860927934739264959053493087604313946686350823538074881279681301769693401534901219451587682204975199510242276278135112717252123375523979464193265175265697393548640060231766557550916195982094425706827539514337375156029500993613405797109747017233642959565363658115021284046274559854127592508715134208496909085547378523874233029126978177778124551961335484555077507247916639095321254482679,0.0000000000000458108426944051014565525733162246070346304795025505826803566658963877297181234352606664490534437391195941872356165839618067182430267690556878449292501465351254584252718554570027308411393117996225187779056468762136793913015747424629943708877845618266870444562993781141616221129099432879257324869811659031095103624647546380498472762353389564547352171667312387849733787029781849352075587986058952574569132605707775440718041621848093148654335235212764260951979836968074759158821689169267514506109848709204359831254471779790282933,0.000000000000000000000334410101070157715130682139878611908560484350202116182220724832160035602780960251570693236414503475916813569630709179075390546879492434488111623020312087082019247102717278189065625056348274839025528821312628582246765987730272289483489911204055053130243179638425359754032235957763287354755145254662923844469283051807487178176094160101765475518087920194243729442503817938047178842316774420358292563040526182068781858927957315617054924242952689988674457193120032787501814786882607457288423580228147896845101928947813787254300663,0.000000000000000129527749660371480828192430493718847046375650182486858549323929454946222334985899640743005848345806480210523982371955475242239492075883222686584126559905128869138116061180313402596195642818192584418989139904043624693915257053325108255689770626386378407901637375945242499779864889176352159009090301991496539399070563912595192742253433817320468667884259372846869451708190524478601067335050092622268837265656439043590847573157281442934059823637550482278518030888872883994493167065720857213924265613769589912073925166304742677173,0.000000000000412517722076800749544942096574475736963230589671211553853936223856045313785735563082748228678442244851259929879723782943675642586953580083509488013875619779644725907075979946264653324247728975135576396987148066305558280064220320848407629543145435972605042422133083505532428622490415585053764097376602149431983119042969804807195662400413323363181717259661429357056090716508824864016119337796059839052389763610733613592206212643088526615443521015036616672840981641460757356311276245316600149688229360728504053928962158162865991,0.0000000000000000169548278519437560398749561643604113548956120880035846383739724615973103370495639088418546081951756748674466053663724171317938667830548900622125446918827024351211204994123363853327530161024230621754293468779998523361969745039292200574306533970196322806048618997472579894660292279645016688628190069690786682060454245396784001048764526525082669766047426927433391317034002691797217071647612260495312543113245116211664429721893371898735645713665659418907349112276290008368671507650794728531519779338061483002067709278696227906359,0.00000000000040860060661118687596683509665217982476305147282571437458202623642161936899058208321047335192596448612027366169127047816683607113025669550776611789287364708023131838457703227718739549601428526018223468001824713539898558419043826785910546510518791646453679992429523887932050558342515390283916979966616568690450263555645301463285534224588012499812601942075287415162008307475264076925616252013036565186234081256943041501118763357207245846162035951804466225056310453150515413919786368311004152867420120954817569828724149879552883,0.00000000541029835617103682732696579421276405323891465942297518378986895518721226349604610575213521853074611112438265481231471315921794468493069398682676156095826009585413404953760737896626553916477052304877621941067817115436204394042159333553940249157019149785611428575590346474215211313911894115809489963961007852289188378063142440532343053566344578459502234419074104057138315279961570691706118204417524610775619021965204267108933903625426558104994457647180829044878257022216610583522302914009831481990059237502081881085919502322421,0.999999994246021315812599972988826727004272834868361843769545077754651447364206223939260281242609863909817204575280526335572825093650626678607714271641537372703505153704376220309590263923474916372137024434087961346228613120425468929522085692345468904515077702057189618622717830504289986870636055623439392151696578513339122513918865925176411965260672897957168117468217532724701233373875502736008772576838831190728127431415089189978438664624197570643762355769423751053708862516497908756112318178168059536444983762884630331659044,0.0000000000000027625064693907426659725348261242006866216755906010094604230215643487421406653406581524068832120839527457033835480917417587091185710889220874061516253121808795414517184188416475115730922050844909417356834345379415771637994326162186097375929077196762602109502603383343768270391395874526186607670041851116609679870344013354946207537940380397594283867841761680046455477095503254183592871608065977996118929638655816825457516363847517123629624342516084867718908856396059130437147894399401129280606965665923494275030632729957447133
-1.85,-0.5999999999999999,0.978699505671626732958669628941083495284160172870072536482587577262219622087392649077565579001759199406599752728359692663998327268603789259899766599036427662665824300827699367474447270950348782789478368317011157413975570770223341882592553852937248726072226756897388327043773881315290093680873280454048303290899762022145915902087438672982833785500733000669846672262875376169144606320739558292531967809127582554321294231684099828572652605199617577255307409046339813037013807306354543598555619630260325042989452204638445690114062,0.00000000000128447068714694066027489360836874606556879048681609855646123904288289555314406290989080829579162443682827316385225458721871671832362998594473426792375837747016387989334142305688367218374203887871660676413268999994958035501878023319818946242788466509126632360549892332089868615039213381638059778810830358252219183551674515027710782196507016450604667237057850496918968395929871110450929934407957731803708411030009678661941185667186339444004234742386389988061566088618342694354725160311506912708891902950266033130264956326816715,0.000000000000000100713413576564415730397683864161451464674367072930104936371960370085931228946538715551693318147326407438115148954600389435534711112406599146388515942032773772614653472038363619666254375917781442479443501107017217357235566307375291619707463481284473209026539594644063386360090794486897902751387380687294532321082780276866363245138108603459378216109966500851815929200120056180417266983753658861658013375294274464374997431740265438615587151660785747373098260914048566407322526976445114318363481463119722611050076532582139586301,0.0000000000000000000409242936897577158066677032410951016811696466986657143827140398032594717477164354457698952389406032939630355258252111727067639110568021602241172875528335989607539878518325134818960376840242555095865367240543089473516997844993636455911473662191591910874448923881027794232737727397431132319792117210899545224060885862917547261654872512456545680303389239063604357972345215970336701235903420432494344260723276777573095433888944921787532208847484623456158666397134790956744237723836423415808769502609998755944803247625675080061234,0.00000000000000588447879525614403045569939189276373189884728414368986948777798016069152580493392657431960039221751516547727614557218058960320262585980025579680841812703800067731909716055126119496718678276582363655356493344774691758875543182436795870467560899830874915041874688274471446613846231679247681804041903562164858078327289850754488764676204156800237823774275192310547189126599481041392592362624145752435199843109864668898850767805405950158230377525931026496178213724198771440475632688928531426712055990272267258705464456082080438485,0.00000000000000178985360933465169613281306857973976901661215535070100119414172769899583731267205024119099449959036912090102599663627837562716383755997529444528080580842748585289651347669953324000633584178398645135668058742808080533943345671386731261917605176816155898863311709704077416113086029316758521000025390187046178027721820501783631771343213569960227404882308409391313794198095680356826734514334871870087537085024183512325046244176597303556387847274467057864112641555236148071596986254141602606992627688700490044410324470367014612521,0.0000000000000000364378377988389167695479214914157571747059956433051067092849909110835861164779852096566850337916135558677496043903332457020772427697345129527375187269800675074179334227983311730690734312768256737580799257214302447437968240805377774223735194664376779175123567701437432937515207671109812433013632967488803294758671648826824717823024492654553523781677824176708252887546438021657257701867397822453219884379703029564255865578844974461453941150816025895548146118268639672549777226619592130724042726606707063422296801143626041473512,0.0000000000000000163889022908743829451851831585659014775026045062530738588433452604734898740469913496447461747999524358979060954100951293873585833571287033547793726885641384174122710926895123755789424752611470672969641995366935796865727843168468974105068513396030187068865961914338533794864045593795714812102448451640734224593681148902875709576402515253704377121499283076439309131655208375069640337764053386362039259171914911832532199261721471819108424519630844337972710687913965472463293870427275482836704243505608070568733639678618070097554,0.000000000600290452134886580484116363943380659232999739932708917397233868971175908612748139681484822739963343788132131925176429418105914108579731310641391657691544173368198892862428078473397665018778838836511368711764059570195548771794342749754491862764523178185004499173158813266027766517618788025956098457110082200180688373703207644407509060608390381647365883758808561831433206734018512505340298952062957651341344582476438877582629079488824994280568737826759737089959145940839693820993096827225425441299955106471828471757053358566646,0.0000000000000000215507138509684259015029820043349853473500172319191081662842807868238879869862503600444346708432517998638647267835461631637038011523893913920512457459664715756290230087040775117527704525967233077678548822371474067454363489986165059502836888303018091171723309810902014857999231783392453106928462215734863117507413013037148936114923211488113172365576619575798567138764144576639405918574034635430783943156240984466030453324407881129945434491651240629802102246780184853950135938257240206351258113933850603784266466927994058078,0.00000000000000977005894393110185915888178665797684966252563117259516818391358576054223167202730583348060157007594196241536502181925916550970915142984586984199799878369247473038546971185278251566296448538459146222105254436682065978300240428328978559010109961463955327313407927899697265952591980070780337446396999038639084317804735683832110345038999955828839737210021770206671441018520951017391952420922726903244848209256466575706479745157887317646464817839767445196616130040771882631234561066092722890139284166990608273505852686956443239241,0.00000000000336315104588648291441009894186868743536119918835788139078890313604387207878528211019985299510297066820329053763933368045628057296776306132435983636101605977159924585338923431151756255114776662847889153513714559384284131962186510854665876421608375854471515253859493197973022507220379340357435361960206616644643459627200837928490749743889759722220442384419339289708570278349852228753678836559039127225537151748892348425051921296128749129690082142834250513522789073234926905594276366887916032021017748198092914750367059108575585,0.000000000000027251021092471364593350974315453023403965058914983544342382181385467064983769714442347498408504377994588381955501147316777126710613915911242181346914164313295135127710077795172263636200521701591273405665203804531587290582683955267978379918173045076590568919273397496550191826488949515815839851137562700355897692465686226651683450294454874539181739157543957657084225371455322344902636974359000315142925651236947031735180750860343965908901409357249390854457464099525761041490937410983757734108755142092646716471802067654961821,0.000000000016382941753044087048544777370335898508175222192656456191188296567887973940526677903275497967586705460911745488680668591363166264853418115763190478855503224121357578850956502070501145410778456755862401242318023023694550852339927033345859687484646350429568253751387137659504471438336174828000502006832564060085630043803735925026435811734343025767781552567468910117353852735431209294371403508762151130203217718433773850028548420323185364916469029601171205870629751877723149581788852658147311155962006445799846597211127161516278,0.000000000253902037306776606146425976014461208570781256736241764665570180908561247601577371794481839713314759152438020851851076788948059492356162289908895619980227603063454455948104350795345531655606488172035966872493733981827715019521484189173161395372895565316776233226527120445463898540788522296152880186960225149610559131661121116741452337708367379979758495569254269731163168090070598879208554852155737267851945578257856516176676862067426541406394452378950919848954153712110075752407752146519623375957010759449901017462312352250775,0.999999999122213513379680478590884512687668558691816392540979543096697665379644381134935061638413079590519373579196988554354331211259290569455904528179749517772655482099428983716137791285144405490019492406372116873487008225264603665174604334669660055546268794366799897078650927278359827452523936040351531123127055041074382352019720341619991622650756172775381570753919570594477326002741909182108277131404403253632824021514682370315474148272570563700588748813773328859860156897294910644364676438921588909690574511531231114095666,0.000000000000544855908765616439541955873783055138774659749702544360485797496072579404725867051809839735637345418235061990737593118993585961479523883704666512263536554546417024546913242246244743244272675603929788841925383576435977182211944505832999394713924277132873998630211190844423185460352332947458947573509549497803213537032170971667251073658256773216292440333104272193079045534339097875843028491141376665599037828523295809184870784304442127804513047804379329811381800931224298189011417359950099184003193817450699125021444316284915489
-1.85,-0.5999999999999999,0.978699505671626732958669628941083495284160172870072536482587577262219622087392649077565579001759199406599752728359692663998327268603789259899766599036427662665824300827699367474447270950348782789478368317011157413975570770223341882592553852937248726072226756897388327043773881315290093680873280454048303290899762022145915902087438672982833785500733000669846672262875376169144606320739558292531967809127582554321294231684099828572652605199617577255307409046339813037013807306354543598555619630260325042989452204638445690114062,0.00000000000000000244531271304519420821256807032869183902520783867933303748286147110120321414642625198178003220975072452431893359992533591199842012199793558719339002966113730328847475358822498921799366827424126965051577271293756948585681427794413913865863294307149281765464049701265992735539513267901922672066028293094708686788927961083357946811994026658295795032308487999438935834944408777613601157574257891309301680838650845809741982301393723334702543155101641247388725432514859386305736947645772178338323297842511437920924361756523800383309,0.000000000000000100691040662744100756376160877964892991750538376267531370750896921330480819265766495941659396430846129047857180592284298579560093631530858455487450695970932661048069323312228709895155926081227143324543839726364025865964541992733781921495213709009522178449074484225756202015425723715418984667919777165632709795101576160418350512265059293630331005230909952878889979924190674288446996048945166033234085008455803180520327898935612720797098034958940661547151904905578755413646211085599562809212280241661202601483808456700621652618,0.0000000000000000000409242820150318514802316987305538365216088193552916035672830463370009517482939788444200622378161048632007547132407487025991827968337003916923435620654578984349167131508721486551220564917715288606436294914656008278897612328931068403775338482065007768521350744699848870336718569840317113363301071134817619357169199332104649838218066601136616381827285906842446406332037114240385837400342205742670706110832549293959048282734435233030711109118665914040860479518278299506361464327947588086478174130906336302893797631548658407323778,0.0000000000000000000000000213316723826394999324484216148962585764099817318652457657598956728857976275442534767712549811397135825979124910570616979688019764750305248597508936792785543867139545426959244289440978294024621602544544402394320209387467183980658523942539508055891295725950208182498486119874910443507921513413309313601560699181724440170026028925632911471215812638218201413408842941980517242028617332393254355190733305642162131032976436186823410994629787591534784552760111646872859563106472409524446642217565542648876550535341889123632118300015,0.00000000000000000000340743609736822228523076774706520257265056333551374156224530536863297004767560881037600598195397255947371788650394172545868193465666565657697994570389350103440772291288823057052562939829817667096762901901992549773144023518287701815630701209279403355197873737726999990567543750278843159972082765293987669888145341422524457269382044551836420199298936850114260188001738670926765523451134268791415941028755797404285414349812512144649476590143681741298173266024493014114001471626859917595935808161989918028007523748490292819032237,0.0000000000000000000000693685803008025001759258017732452899955450208278910235596748633184274323800332802626644718117290596212953328944631896104152937895288149929168652517860429505122943752062373513264332839116590794983919978477208386184178316999262265753807054073968227541205338922626484836706559831783945009628082500740013581951425262512261373397844489163267775548027136077071166314285496658539139612132945401667010506478010281549262649359388103680540496386260992368662045637238902345122178823899098790099661327983561886500220593635859640082013941,0.0000000000000000000000312003936919317408404757513456581118241871080103811911841686510849495072081728230363191925213489725691796352984034485864745037599346924785128646218552160769420680987339100580079625234350411951785259151806275464803475610687822713667696873021939784813059744715174448556029111387335378655320819459058893576038056682744405713416518605577053972093013729869303500516378403578901300475988467946494261089212889985244621385408477518388473795937209648652508799747307585195919882640206338960575151761555741966548008206803067699777446132,0.00000000000000114280371581353297569371913667232646623769510720014361677349730768727067671050665982252639562302032242382219191510195300877313953835853707619504103763482951032673102566179084869370313458094968944422837762049654135044889939598492682188885050005653571486631175661964225036195701901183828650076967447275483563791673761773705950623992652074101045733242854634482340269432889731818123640064775359258865915271876348245305764224468940573953015559775035327042080374718775711174540778643198608454521699177225137157344668254799222909749,0.0000000000000000215507077030632581418991754814940820107970419938940563025485663061523716705459119716148048869924144895650953115386482910241392680381537731894918182895356862618433184067695595813376710502208031151521899316983569754294559151574648935948574663587275322662871699469867690730684378983060601258806294256035136678912108987080364105174522394836312617532664731298041517663006106381018994529167791739898868017755179831331276794948084119445420038631968605854266636385762242326794894016887692766672815437890330741277400511265391696761828,0.0000000000000000000000000354171888118670611818722188533963500479037943951119626174019446181328763695882292366246310673149259270754456090652619903722879904409180347847170509919480365535935248257465357500099530266509235636703341938236798159594880767983976540747566556354698855198516713309560830066215292082584176061700614803262428582740300452723465090005745794384552333711342649638217069827523249468676390652678608640090684214128231383907436438554422599451464809566927989289973021352103056177923344855732917205534889458015751852630013729766244123057853,0.00000000000000000640260310390147131984885084303647227637068446258540450044204468379757664332944917314629300642123117922809977251938185048619203973188284643925550335695199939979361552358214781779664920026448155652806177694631268761927390867301412178014161185095852706543757688777166644296866965151720810517184457074449278510888058369879036173503917610041047147609055205152526931465494319100686622301951731193120109252052511155595760685903293259206045354427869901794553140910288322422594475025949479448328667836717936910626338819314324477881952,0.0000000000000272510133184043550014531964487259678931892134992775758494672563785871165898756207224290224897826512246990612125165313512834850964575845018998753124590644164063993253797433343525197811143396297990727195318195347362961126274290596295578850297426433890015818422033663508771667526878672112836792161180829315621530655300885350263446519145807383216386584343181778510620591306595910373985193465014976122752166707629395293035557431047089016245290456309285532391518949242353034036387121549920552056091472293619896119017640402860674051,0.000000000016382937079381175196397750627211768119306334882451929014144555308857984781926986200349487141999805713680936638069441548809642762115069738364295207194406813144313815397902550428823100006841873997415576397332457707091247093657144663034984727821696333472003783360413071833254449609317617523445012528641385492288706697998160329278884452922824813497045648729357077656586638105511239104645906521086034409257948972718226142447946315584218081117883290689287016287165088062916598549081075145791856795064272614619978286199654671895687,0.00000000000000000000092020952783320541715265411071980237852716320783523736253975166641243358714917106334324848591755467736019866828077045043089276749204480892910268602049953595829150330454286066104041137760794554197157041387499392493183463540523003972120058926336949322812637600133419473378482968477918953948100310310191370578090131170279911306116512237811839078669112662274437285024126822812011359623598088339229175591192911647115028990584203330020836456063207039688274829253747443274309840056847452429516879503173136251303899245878812432819682,0.999999713846043770043397646306296121277333661121311191743487661975251978626380557158488850652241549546852182693940428035195729722435400298106494343273284939052053564546232406765083311662577702596434060680763215051224454690621453287139776524273615061091682227099670190095994590558938868416121363255533948580138480805766944253135856628615553250417275127583263595382525895231033121382454711645082716191753291300763779487640102337262704259396912155971867360979008762859217161435211196863455657840729889937934397735570430508762284,0.000000286137544764167722543459091675983939806455194146119537930864142684114783914751257906060586591656275043006735570335286090493055438347068323901150502379365342678360725046404219001809542119133822720721552628841244022221064418332746701197050484109342189874355437223800500523803517196216205866816613301771652659128037585254974350304395134056388495914812694375148560558932142986219370167245782585161566689310171001250966437688386476247455875099263586538893406646159383889758821920091825424561193858289524387593792790431807919363707
-1.85,-0.5999999999999999,0.978699505671626732958669628941083495284160172870072536482587577262219622087392649077565579001759199406599752728359692663998327268603789259899766599036427662665824300827699367474447270950348782789478368317011157413975570770223341882592553852937248726072226756897388327043773881315290093680873280454048303290899762022145915902087438672982833785500733000669846672262875376169144606320739558292531967809127582554321294231684099828572652605199617577255307409046339813037013807306354543598555619630260325042989452204638445690114062,0.000000000223091618575201045736668789217335420972523818097500612629730966317007321441742537274124584727214771470452494699294664447131158114690365731634665585934085550927232549071582309327547567626638573531551822495209654831676620316256845855685888475258964146506835441732427196313893805419726501163574377663214016599961046141784132251575239952266672406191198295680277859999125050644383833170065050113051985141162420786323270995357534386412688521305329576416479877775454267236772044679303936779992188621746380757737443491707865496862948,0.000000000000000100690287592126370274917929017868482212246454215354041040399343755951431846501492037674234366028200470089705921641326810437721473715280394339189668205172181704715587509639446975344757354161511414542351662630771230273980144011084165075753637563331839255087142464908393602005604282071518347718576554974688968640270730266780189345563018487162990299860256970151522670574086201761121396605384599912172360879452333563088731099993074130233798633393308234380742091678710073380404281789562751204688798808913482741026363966706369448043,0.0000000000000000000409239759413818585120098739161652298650577276673562001304401668612128921694903144735323543764236649105749367710629608591934551657954542014650288513235067422668489297795805277911701679683060880449714616919996618194867230851048626296525768614421619334052559232315310248292324023571167382368049726891393523947739769129276120319263163353387875748162269986541084079492550376184824002382173222032202298426705796816410097948116368584328258417209984857722584579255168203969457216425112845148038801515021777327952038813358224004462713,0.000000000177552115204354499482593722719566113637006086333194699176402405782457472234695369167841089098523611639541197207052336877109053430465339930405022260539529379141111533662465923181212812164316617746538740797593865493793125673571632551819774697173942470168251139938031860181367467539863133932702543944713400200625534891424242207473940341341605425228741308591358267048777301929207141048566734927478464153182951771255142743488833883229985771907370852294589524292478407361817614528651167522677184902906951752716029058958080311168299,0.0000000000003108683932726086501929521281608568634494662140495046025511793336951555936533271667560943431514231967996067717472368487251927232300606791991604989499198610400247821714438455263381148703525317593065407544869559850007491356399549368420069528707904761428161130709187316788242308886317054763973672931589992639876493233009635408843876231552188254995332379155447900926489830488146095738734799554341164522989575154389402924818606526159274337033120961448621582879845466164178773123967371057223376042332804226009762603021391786213017,0.00000000000000632865840635075358856951932160402501900276126548105083575159100433364507767252706584117777815078837873093176504698436730570349708780942013371201379228064875534958893143128199499847462099774916835981810204775312966667282531771671246765131058206223801950365378912830212809078448951492786173663594928137660952953275907363682401670295712530340563569355035718520781238471720967066883712775388006257693661928124897299430862645128687231997149136753181947132685434696178474488328648815156138128511526914801836732751759905610535269953,0.00000000000000284648515168779562388589898903371207445959532046504617143389435810341387465856434444594359420595107930483341054493983737122072568576207229086852743953921340429182734516103964004250561002828125553117949589649240780596999277465129352795597771995744382461762279770267166804880605217712457138071029292780536299141503278647249506014147343702198430727354361205825317617660884212764945427871159201002984634365629573348775130821094870136867440648890604874880585800030430215226310751573896505011696801695922505812315340221527433585662,0.000000104260665441476879946691092443776393961468313721127362040243444047900340545514403940064831585950665673104660344506931034049311449601929907765298344402736079299602825475017031007790572042721314560091280481848145082628211819022200047424670058844880078086734476082122249817805474646636089424620430933742113312359204162829022394690583696801288739354146899212937061276920385806895975211913465108375793767526472861783314983393403647285663004372180595815951425631527607183567869564549025477625601117971305858272081563737252451208824,0.0000000000000000215505465248228209909581333208187618330302538421200552865026201156880579314313386348837538281634985042626408491815458869219476018468081780625164223407945773587722777299104849915670617487043333283900050534279771292088666393917794180941097064914608466579300868020060560920059626291343685211769587722321056791383415128061814146268559732011225599445387928828621104940072647185795703979054007783202586830914414212818178012002527124738497933988242903001617189421375051526073507740370695522018651262519250049417878238740192300531542,0.000000000294791551048605768631622147188860194599733803018028848631859410639357462366165187444226170127643891886147338737666616873870566251902243922032576613493534999855926180973841742582217311591844335573893406284470039239276653897347820143810177034932871084209567397338729629812804243715661205755721271832617045064391836654409285166130492856880616825830523594425716639165721394218153177862594317581623095597242963252252382717095661892925594369323567126313227526422091413266779974730336941712708541537398588396813466930392191743040685,0.00000000058412450968907480808312107464929407866819303021798780343942184137073278452593958475072837705003414005704066303335162867781384011601710701336243789713163130450403139018117366656968559605093301332547109952844750205786472034896296241204562516901016295245000046903238677809744030212978831108583329644462464868091891870066853349007671182799651163484045158851559920626043147697072468048892493299137983136798763305337035576526486545658487253548630451227316119230176176238602846660457753498052201449715213502671882561672883422608711,0.0000000000000272508095074466469655405854062021280920079574598622957480525298395164428051637373034874281835619328679905630498193186321154144608777037809662854899106735922637588214299660498696803327641963184761421529078050901030680790786619857925058225469439828171019862951710724428810715755248377236044584446685130959309411506428603456883946837081842077447204155510419290525066635605188950951209044621915967088062369131849260920065317824605014759004264616372292688898431830440962703800355411356304360590045335144183302963424282919354246892,0.0000000000163828145510165321830719500366104085084433700970762389637402126162753465783367913494616575085187552189040013466678830367954918352383360299976793314191349076369086663970980927779535808628420015396271613945097383985060666634748708947382816666633168573795363506346003965825940723139328260007914692361726199483630960739636563319894906943104560776486788098937112217105080428581576281901817006670974533808362773380160356541709429659203843565074051810739966767698179382983243929658448956127830232497902916617579875399697875475205487,0.00000765927514576658118558245894130071236400824780430046886643206068475004042871550884292041149542496919387638394025398763504591777906577649432025672640204025821558216415067661562189677955470180550242254723147792098085114020387172087966552772630770563909836305762680003701063831758596651842575924332969357931102353657422920571269630940662295898127381028416247118694176845139797928409585025022686951313506969981865624743478621917159104777296408604017758051279490302160970770874381122913378273370737814774841560995130633351601783776,0.999992234825094858316245456528507989319685858808995003600139884274939963536748522636901918097541273340511411186445619872358721440504144439781848858298681593178973575300273807339489517768896339620908654673352350399013794697577483985707489331376522961357463748570294965431735943589814131487757893952419678295137075952666910195125228227364944386381122636520665616417369092390448890311233704987321055438454004009576125241319361472644622211261243889996134934902699122701168160000842868297817578887865360301305735528437653617127756,0.0000000000000031363137455247726489584016967590877305902714169735150877281150183347230250988429646265525223678772239607637944741140471913425486151316456423136455886116377116611104488808282692073845299205777614155423983408258895160554971540399049996407344900754643763835804158228239401642489646512271084336193725385900207825601451367795287315300568240115929161688472714677598942110977342900591152671405198137349850967602867491212696037316467025600467366662274609657845294639412742913459647351585306372130692467258653821750655918615330666959
-1.85,-0.5999999999999999,0.978699505671626732958669628941083495284160172870072536482587577262219622087392649077565579001759199406599752728359692663998327268603789259899766599036427662665824300827699367474447270950348782789478368317011157413975570770223341882592553852937248726072226756897388327043773881315290093680873280454048303290899762022145915902087438672982833785500733000669846672262875376169144606320739558292531967809127582554321294231684099828572652605199617577255307409046339813037013807306354543598555619630260325042989452204638445690114062,0.00000000000194717326601732313698309727018835323022954772877599268588239349625369315700624994409896351125970733175358612267684563965414571644451776013859064000933337414503464683269496446093966252868885979505481718423164287316427855273635963520614842180289762214767058642212199560551219956409626099740019414210124845977692956552450912260072772294876383610316668250003527214741726978718687800334313054988913446677138328434212108802157220751469640343488560202379581033689816337123283867240388958834262390449420686563448955109475841693871733,0.000000000000000100713413531955551812073890047551630834146577407455285624612675877300228238402512257597219909684600314758504978150388284412089441511559482052754797406916477696726890121897421279154703732550532995702045610419934994758785384294937253153267347600269765610497022437078353734910610442166777253157397605835423727966891455218698553079414056723250717126020693362571899689703957107593034613234617343705516351967137834117970836875051517730309891910153696299232527683840288492572973757412837478967115870813994629429756841302265279540214,0.0000000000000000000409242936716311705598216042155602737036784828078807623322706231532941756400691946169599784129312353859935211670555601201512615396253993235123800662731770723849322412269698003241269749409221057210291626452966706621618103216363988070894340639535398541847943069460131715119358251110268225359062637750388716526501164920034832611306789727179097327988932386496897670474717943679490712562105310986006339927809529719548947123590192651094088258208546013733674423628576787365030832263436352345076333043956428005372916387144611642743991,0.00000000000000892048367411112795693459506461129072293660060240091864991368612812019858677778689024953907897674135705607811835133787799108954365658042803525620042755693093685931487676997447531864445569083759501207618944732572288707027988229200567550384921302037922026879483088386388101124642426703063571556358326520638937656261664201864534628339847241018243703128766956419080852047298074739038353841631409411853936421665947858687679402253972116914093866203355025485378012374552854709221417562401577497130130758679199152789509123404626955149,0.00000000000000271330060939129299364212383988365087648729460125360830277617741859060581487384807166812401556276188719269699181115543145646511536443316015878972818493847254584793824734680193191633695044057774213296361790512439853965846023496656973121389004551362025161342031051503017167005059323189309299022416985606743705068613105645821750378527461438526908711590730956546675351520514296653099734533932416770768796124124463603787261288043572914881954118433759336953143003758867057899382927178954273471072883362135781149454239663769915359686,0.0000000000000000552373708044440651057983639754864192961897413267870436182019769319869887795766109943544866759068092679587136457516956732912371275448786777404874846807303511024302107977832385972481540749931790262869578722384855444147477178808172277032836507825697261228393071478392764110654890693186608333877282031618422440493717470954821923571740748505250591262461606364461711969403131581416452339930881528498769087267155807145124059457236168651182867626433956208336993477806216330916018586634377684946721832756944804108062091739196043147625,0.0000000000000000248445003217967764126048033297844004028086077946200909670269355489061928367576346657022947128064142325273672210786673690081438311890022353788452094746607873577222165819395499222830615859574382152700068878290162274700263401584127429548511700535058129656879346910102100373662727945480801646855594920173681713992699183173509198695403426975026565183580962684929292807152366798115128531705649717583204354848614654490823719216924505838095663309687700154975629472799080746779556679501679422256746266968620789131303753248181341377375,0.000000000910000930296657128587497882852015302928438556545561865894349020525140478551644534997668690026267310469275795188453346509525563030299833860454585585745080711780233149159419033555031449082472818816221907669442855789793870984313140782997314545348218507210236877841319493256876303756538754914790856783013915156485267548855481634736445622793162452269511800915624580643306873989613655410691974248466900491352856614617743127589472048864606379434217509589528550389139424517978911922031112685610356438795890089886234004926686964011863,0.0000000000000000215507138414229956814286128266086368017938327186839407777122920017096617418352457128428184371445457060777009265810836043711689240760557075267505778302798315265151379864163961455353198299200578445785108325001067218831542743559996223957120356351960856936388497634794008514816583028775303839151376628685129274096067344327263836010022073127089082104573813309507884209863344969404085281956823839828731649825794498647447071709422680916198537865027439408712646767696316981397782685733022458084964743765956428212637453422632736959199,0.0000000000000148107681813215143079784275222672054834525090947825076410897772043261333352245274256741532458771368473979309341131857161542671919710221809120726981962058598427548298574494493923179528788600748040030136092085817378685782513105562830489013663152559802333243810020690974916735564861448398627440029206210662543904369167229043802501647072826473319910720085292909185438303429491420328993755249194481664986221759965074984760967050205679675434432756291676160152158550123795802119618266430103979029096234954482046970775903653171136944,0.00000000000509831627273188971688447772366821267149723663093466096796084198545571856344885746881012968987832639549487459493566218860690281054510345791800046756534378776761927759573597762060569300714036792422306355395516573898343196792716459728381859653017927566722723855805157351135476477690604069811807530505506826540164892740505281199333210873328314071732172936462309545254330834580080065492240277938055493381542336688917116820233358294703611114018995278441336817321356634083817638115864852021576725973324929369757262088463127266146635,0.0000000000000272510210804011045517203319206225941022240998413878893560080703940025880351268715755719276646561533285610480782320392699970337284363154285553440101120495249895360479876552686686203596339949056976865390735550655666126430209679782375835014500898588940038298351844568156554052697719009578287439359272242165416996754961344756803016171526636418511827107909713017794031460197893913690997237801054238320313231733141978465382593541227958095000484161009383669223061034457444922286892599501745822986755276976757160748944275764131169535,0.0000000000163829417457876115375863395562693245725652513227249497699607945300032204572652113826703787597649021500887811254879072280629879349283337518375188433065701921044978008885124377210126148404648742961014768623573030838865223821150566630268406072119509492999876100092807420799507353074623351915641570325756475029748552532706097340960773647452087142562189601498810640498931026814838853906916254450928610653970263877251562049870409660575041078509072307725177348741185887973508791323860452681928472858675013660698666322646287711728775,0.000000000384898825779533754409411303590978809652271383426497290081108188111085316019943203119786974925751300383824049978279372996197722501517641074746909142569683719944350346650156813280478310535912222912366646466494926609014759607311761930503271900377435262658761893132444398279435452536018706538445206142987245064553780441995738269375859801331884759134104263532054777222948927473311549569127591894070893997010393371343653792720812810832294911017096313186931213551715550625275032845481044780508724276757584720728637509602468571482086,0.999999998679284788247609000985039367192819350816745546573880383731754503884744314532879388091890787109948074162318116617953597424203658105906065263565936494466793916139998353510525740931620649836506817364371555980961285158083200670180704993318973556398425943127466082400257243413544409819907400639174524211370953920641493158577830594652221118237514502976228753365341042440216555231715990067741704318863801076907749629729314317397921998582412384438347508444960466945806639868183921380889550763956386500394663919282969972557252,0.000000000000359419192489081410222472372845233468582609078882591352274441152913496775910729091570307016573104084898485805240574101629124417677850450181659725264618468641193853163627783893699470525118880389484003948145092479291649466717738134241817879779267622628513154499376201641296854850898505788586809187171920999525969653724220412322594267867570194308833646212088340189368518452672764432241148075852912294268532587954232389333432885151302867141205235470362848349765322922008431478426057725610505965078856430576998023230382271599215438
-1.85,-0.5999999999999999,0.978699505671626732958669628941083495284160172870072536482587577262219622087392649077565579001759199406599752728359692663998327268603789259899766599036427662665824300827699367474447270950348782789478368317011157413975570770223341882592553852937248726072226756897388327043773881315290093680873280454048303290899762022145915902087438672982833785500733000669846672262875376169144606320739558292531967809127582554321294231684099828572652605199617577255307409046339813037013807306354543598555619630260325042989452204638445690114062,0.0000000000000000024453127130452037823452994239558495833230923042842304121961283358246289649507544142408591375755910554946072947761974023515405999113382462385967198769162577812023784894268670842186268185181015174936210558569028418673014897271780697366975413453888711817173996490390414537743691371862959351587800633868248766449874271891144824862729124133848152977975147341989907575048019968560297934367252298210278054358003706837998397263858741092172087192531288610366138645999600203661236719446031936930849242217626887981514574679667743343051,0.000000000000000100691040662744472949141424820062121944276699176864209411819132167398899475514168240067299584393883601004335278043368836063979628877302779726303799780315894052106298798766608822106174750725977263487883351945620944477983613769875752002351239104609666891585806275264964219816500680784159696337990856309386366242802895617037000061479063300835783092837415858106697380812520231723767873047936746618972671273133706120468747051007897908813938193804736442830859091255478303362382456723561339590939875039544943568026805824810269578153,0.0000000000000000000409242820150320027520984841126480697026932004508044687480441505306035141993736978553969852745225382186254850131246483518966711188825426114561620239935047891011956953645519639385852916051325289658507312139389907804328177543493286642967007339118397578193949711319106786344771152364821309390346076726807035454867731258624421177712149071947736467050190980964329531300282648946841445712513599958510165249104880647744511085398224427941894411453903911958806966999192586054095818492850723371041302956500962916914101516050945948534786,0.0000000000000000000000000140716331460471641193870958143329989377543588919306713818667841628395525844050971132836467773015398748693952782553208393072596616497022893204468891019408396504387388451918638586081510483299332725395767238353603872148187980714630020006126773275747955307478717881821881251579129725303380500563815993881167433633689307469365950059637612479500218634850366217694765623573322511030006426326279309106063017707695310485854999712362335185864655122611460220151867616790484007725810581022953183500745719682676486404728212520842530444723,0.00000000000000000000340743609736823488042349981402989099675272617587065402747429613360327231351183840456766629929613985439195857515492734865190362241276810888993204302709466563966351680008274517288607010983582559589088669582188594969981415523822770404137108495160207978404787404534427266123616721244139956915505317139648360732871297160298466054296562462712885128153847748959833777169443148429292278680537541419815648079111904794201850249990204593414861113107586299021052010353734883794707901847434050521892984404387584294334784472010948518348603,0.0000000000000000000000693685803008027565888455079690789290162858576995099270600622234577057310299614107167733578548840082594901270601230876354803576397606029428926215251372517935369013141100823005035882116030472276167008178198556850894039943809666780341763528218316915893355866612489870925692141259534984047442190570216521340134699445264559882904068234290057145707324110113065605618452993796274937191384040440156708215731055675305902863068181276968920603436748511437464426396327103829916195076230465245527411677693951810004535863282758402979291179,0.0000000000000000000000312003936919318945987076744437085764323947237903226784969210544841221386309306146986343018787629550025766879663672341962619271817138069635401190178252304763195552601766705994779708705295750791777165124332793632146610053888028979806872485911357459349130279775515063600479073124939680078627212839421256320407427458998349373532974703106401037963725392825446769893174553904244279623118009383321328142780155464707264604820810639618661563823287612886637251124115090267631060013266192367312906410135601724061547934104933058071921929,0.0000000000000011428037158135371999352439332770828171283144291145029813732860063095683094878163963861245875594455065308873672462729437539611181963907129990532849869908583378364847678608411892905390734872565444130423921727158894658159871862228251523913608782800565632574990999849704631695115062488335504918072122544894251903282590800226370636881566024510249551045298141847928662926315183491345341826424860699072883292054914403178079193450231163671536159695402786408707890440786369065140720862448252446000188389665111827765366595926684395921,0.000000000000000021550707703063344437606428845129262080346366483879236125980954558186006525493814811346986647096090545602876154966510868994423454834857386390698838582809511962007586675495292254735710811432891009825048217778718078785748102001511915987976637214290593693829714573079030358831363230004198292347094722434380947837974707269185134711963231414960936586295119526246645576025995345254699961458526046013396996592413046991936538217463878111065299304915210910813499497049035905306300598548408710263382782304322998858925826151919840727198,0.0000000000000000000000000233632731220116347467829208759073576294826729157873558680990843414528252362445235413845884023836042200630496942673811691782403083258488968410906759537110523550302109618490740203908703578715179138169096030659165797033866154914093332186002017560736494731524068047580481572815402249261740781771574471042066007317197503146512902036030937219566367384275906195707314530717638547361557786987875141971850522848543835774801770795561022786714365476575145847351978720992716239347865450783267284544096880816596348213100302837838310369022,0.00000000000000000640260310390149695785437375321420839509673368259496913588939518290805638052942382738649252567361763136621480854473436342715245407940942120832022008194237173316197754530104808468135479059726940015223743106936817485817650048211887745180591572438455997049004461294053538583430550529351997389826866741360224662928953620296760825084772291246171564805714803402366007371092157093869947171657647166027264187632151829889956518506608442879456414447777226788163878306779189721094518881555236385814576178444852781876377226210491152354072,0.0000000000000272510133184044892967979066079532267078150560683491922695554229605898277505460702646291213620133139063312921256572462130187223319255318962292567212500197471183798437662186934700034016590346973545971442851405398870027617506308189956881140270344764737054354433326168788502246896389238889825327637467854320864027535837670984133929931319886563868102702894831594116003389474272643078484853426564551193044422573952274520377184367986723235682557735497843714758757786414346262996145659490697720999938057086260272387683604079730317835,0.0000000000163829370793812155751278048753483214059913813467612641324613594444146768254077047104913500993298910432341066374220487138554969399510156432915911431944215542652473566228238680674106151125739614897775553451915151024299351647173469528700919024895671602565121948433298343847720506915979549718311839748153841680517973148778748745915032781579888028172605732748642726731786773283034420219879092422410266234102276660668467619670244021837413556080998350236983783071152727402221859566956885728659199336094921075421771553656156429060849,0.00000000000000000000060702464677379890761804132334184594253530073065740083678211001551557238992622732282434565645001229280721868850434404814424335854568423856547101243303989330979499915235575242718891182083901213227772424711527788918508949717585733867773586761138340885273852463199208798805784964299788094313936329357468175513606778671866702186318272742170475285148300494882358541515143448894606237428067342785354845630375848589815671503091894990762939125121904643554536612708204888611647828551103309449988653419745393747094101684658287536853287,0.999999713846043771321113588799894736449876341337654608031369293531443381358951340837376795490142280405680480081491197485718840224705103470155517121772745892008802752847239844526263898796403411534170121978818898569905289199790093687753579472621692548561270462059923185995067424225959137149822475035134371302260368104780378048125367966602259505719481045874691582146377744218664997652997380343354603854616377590016237232583964018361843884780636836340362070292691594729549200437558842274438672927526243638849815317406362743192699,0.000000286137544764169132653966162998226797705245176990793221180140096685095008059113039493306305601959982493864476751876575751873465080320068822340076942684134842418110803562237456873099329666797048160938163061667814403883597638357472088297835884611487915014176642156659073970908166719054990418731468912832887959827212452163870906823319074753915274388445818138409151142091059687541903509580820206261175123077073601944774849003434716238020014808325114899601238687919830133391611958559944030296583100590122480311594648688709769425353
-1.85,-0.5999999999999999,0.978699505671626732958669628941083495284160172870072536482587577262219622087392649077565579001759199406599752728359692663998327268603789259899766599036427662665824300827699367474447270950348782789478368317011157413975570770223341882592553852937248726072226756897388327043773881315290093680873280454048303290899762022145915902087438672982833785500733000669846672262875376169144606320739558292531967809127582554321294231684099828572652605199617577255307409046339813037013807306354543598555619630260325042989452204638445690114062,0.000000000338190898282862791101187803209944044306043254524626767468681194846791131780704041351982526638134275834525517752566997447103468946762555180078002391232448520852999760174235942474764467380010402270428413024505838760997679016530640825949536839043684550410320950895006418915836680097779044795825400957065601211277702379029591796692994060284180659299053605836726748120897550700740162029531121803996618367736857151107270311816437529991416793344961475503891878226695414734977807080613550042123102465856977758675682478140346886384173,0.000000000000000100689884214824775989545448439003652257857622236877030985801811290266328172207365665114545126286149981925725281440031931490589046983639561917883962241643663847361842347065448877789036562057942124933916201142612181504302772090982142571485669627765101533337218570747462323085356608268293893491538123638791889369945592634632325404970137155688794237123106650804743193742432093488565777323182103754575080928665676207023851493494127793966909394629022308946223769526997638371112396387406213701128572701268342614056037186530832622322,0.000000000000000000040923811995053165783941138496997976423316452821241341937100897217717462457794622889006236909305507329001202905233937639436773184827632183445368075779732184174305266582057466059953588509048908169284758905244635597424619094106547300043219933957847764384563131916612861463044680949900264573629128574682194587002243246992675201188740889919225281923120683923064883673941570680579233907982769765297734381593009638207900157713364372737126790437082477535814852868041079496186738174962772002071215839319908744192460982392587942808318,0.000000000269156276315876725058142238522139932898644214185953465734018517150303709029122917919051083113039352387616419157544228632838412398268150407824311605442748234282987796359705423132243665296774407480352759078901541089785431305101594359313738711584975562466117944706127414835449966932707259126766663281927050767660261515436833571713009492684573693017860889054256091702248931062175712650642788231897727271983175495177406243708531578488086421842905122920628999582496892573227499498559988793523952070193242389025770645680393266344567,0.000000000000471254195204894926588684672235314356012706892254823234514856204657331996447695382387743236072626615734915510450023609749475920965690308806178869490587239459614536545611442991025733742221715379761978232058035791436243511303163370443702669647341024429739157435699726000027732911102533454607068706969557664386580880846209989347929045277086584941078617447561899330986207919672420567913933018145887106592040693405866727270822962349783464599251510341761098745127808038339071681029026223613982665420053060216434148988169286541148862,0.00000000000000959379238466409956763950033122649910751062612682751821942876247326494896998933000580024164336952251648961910699806980259305340641262808180088825650040345205439182358022671188436010871358038405082070484410546956986406896189230109172916094159075630591043160545435133895847120272330917202747790584391046268580812441887642665164541571525222901804090028553561593401618881757476086447470050988591505691255733145494033366267670114452824510164969108549939784334300065445129128678308769728645599644080264479392222930835641539240249386,0.00000000000000431506739942195518483990312005112290756335815973940762067792052938108965036316261219144467863471500460070848917016933253783425744311959747634286644139149862927161383561457363197265093143470775192711348797493321240885957951721105896104748702167608861850349141129350033766606199067452384014458555627871546731960186218116289374140562042564262979737795435954794507503661628507665276964468108563903810365384840448818381002505728716479663637212341417794454763233576747188877682195034397826346299772089166939416449931866919956893304,0.000000158051693409254794394942281521448843174551605459566003542148224647420553864166248446102940466977627820259686496013880083267343893662026771645082042187601567753245443982103802039691329400629464784589785696705191603510523514670953633650972151250983985098781698934364999750939988569931776227806251094173457080392716526440388127615969120968130408467910705233179317469633237531115095986744061049044492312565686685503626142686474799852941659508475427456433098797944601782681336940032610381288167489419232626144083736433922199371419,0.0000000000000000215504601907630725619942426123205945156422009915018385962544753204163411274715207056727906791053560460342575872098490679951051081042978992106303968054132158648744284431140889122933945606782077039413800948048921316922143222905830824437516638326011811875506876007425946882504962506589040013169391485952773996262249053877933731219271431323659792263886792170939084650054453008240736142172178429907346556357443693693477469823043165171509668606386691946411208943699552270531402892044216030062236911474904926252282637303603245066843,0.000000000446882855089064372705402399657185321249255241739896533662123843093538321690757342786945404339917457967585971600664638555176293919363191682922645361454141309172829354822728151905094748807747215020925732499794674851840219609029747061285878401033598577540043280034051875621139317144164048608195699266210608289218357166628159648441474726690978671541972276828960683296536254930269218255316578680424064457034499681027003518185238610263616079686416686492585653827279072908345895158800211216717328602620080763197915263400432675546075,0.000000000885490875463773539544237227019264519834845632466236214157007696431609021607449688480855677352317800334524716923707666136221416266793855837744838891079120612075423133628504644194533065298899568689396176727394559479440461105313682543963603783218184659064526991148567278541408574640225157503126581683095635441632954909532923044148251454259382172125013033191215464027247712105983181709192127638747371331179482243899061925922194376716071984911841312339137955149636517855176807652424461441580011039754893531627333241670856995526274,0.0000000000000272507003374535101767502826694195300130394024092799837064078734031923919121973518084361680588035618243772877550103435355780029636557405401347885954646032517687038116741744789758028883009344657166537486057454600262933199285427806390487801023904884116918760446626674527669165547841544390623310441162797644166563187340482584743889046663063560486859131982367915426122279978400679099624922238412626224910332257753793804072046157462950246267197534231640731520291013034913664871994609246301379285173070352390306378987098001668228553,0.000000000016382748919507434920340454486581588874105255240002163212632374610783215286389109998905748917607027128953253811106370296789548281957398496376790506415969667142706958852584912281118625260860882841336540260407037399059952979405719435776158921751859487007744728639584958784171070606794115394343863383950877221898457791992854028003404021259301014494885919599603485389289469791971237695114512496901930272349773685159915533894201832379103169386008735071239787821233940708177065844079107380712859581197221397215615384556181008448835,0.0000116109119575429125629159962737061009761722432061202466448450445031656713703766262269743261682164092852267373872907539985882254448607933362690803826035384871081690769242351484333224832588551862856288173980587124035521679696328765353925316249795244870809395840676622046082576166811575129163836779782948408877649325604543078450835850400470890817804747960765475221876008035710305471115481543515335005686223454084410697259474553416065986195484736821112343373254644044822721775619779883527727298340457615957529309047391463505539137,0.999988228736931390520334498360154087549572836089057461394584203052288199453517262161880713564736655380315580231333547687356050773286030689399867102236188305656073824620567476272164480301221930522918947314667856193414690670749290905885077394011891094249636194506045376338181407414865942734744784819241146184836373367391561997166628046532704574575913057804125346153951457499461840639028777541996332469358978595819933188124818292725877051128282310136694302941813620056351679831424189616299478399583394827805548381077042061840504,0.00000000000000206888981154419847215300352359033844465539485477449705185987349131440114445375886391537440755860653213935924445171795399649643927721888251078563866182228697388511842267204323058545479606436789307865170462139920035369721387276585029861041996919627891191042927789291862910687668746324681709859459369511411994576340921401538665317370085959920358441225516729971507827979016080728218530972330927276568990818139030266503342203906373295744045032602158204074487565415290915771072434689041478174868692546728143268728515006692325665311
-1.85,-0.5999999999999999,0.978699505671626732958669628941083495284160172870072536482587577262219622087392649077565579001759199406599752728359692663998327268603789259899766599036427662665824300827699367474447270950348782789478368317011157413975570770223341882592553852937248726072226756897388327043773881315290093680873280454048303290899762022145915902087438672982833785500733000669846672262875376169144606320739558292531967809127582554321294231684099828572652605199617577255307409046339813037013807306354543598555619630260325042989452204638445690114062,0.0000000000000000024453127130403702818915123732317923244935606467258426406200223465937895415258275828624730668605815811257545305914441362046281205796356235364760537985645551791365984489274392040479787705782299574468977892631524087207707268483835397667131230404037190369370464173844046977731080961360580342490091234906971541110684876987574657257834552731842551768925356802977983561702919878987794504435647754894399926380390123976025548781846689066409098539036919142036985812922799266656195284831523329479746255875789603779999856550423857338061,0.000000000000000100713384845228696623425369239787443044512936921490657255287960945327846464975919001810714982091586322865724197114607726391240851667197564275871405261382840360051701970411681393062661419593032899352916373651242945042872534737442789320406321562868930554413114044834799843271953243450665156301194304113272409324542726860487157432034746810118949437703878850106146072238710828345432972952725270362100462495685037108915692627374104964600554065896814236971948222311973658075599359712351421941993782583654377072180134389599459065593,0.0000000000000000000409242820149511601348634868951221086922826082974971940387057467907189684830847108258059323914693697959500685179854786806562999134058689484270922269591948479282690011924736303333683102159136081182568857896937408995390520657027090718515832347499181733190613975816289182973708657543365144127670866979195392108033332991129442199690364252494067982907606784277516228752877759142872887941189280630663536597727634872067934524370924272616641739198437812478181700714036451429948645329813845781191308388543086319443048112849537916750586,0.0000000000000000000112050699775759516392683494001318721092266977159476504751594740770544155197592999989066923579854992519763011939553157393464624886531464025443640360538027171565348509568217156358857773969696918622935740311376464533792885045083290857252240866768552821430457810122641401320488902511426489403303508771159540163783036954710018596682447383643684907781109640869120318104798365103894223343373715082182786937562594613058797366435163908156264345307452503446183555404596942697323296115466819946389669553605971210233146158239122662191705,0.00000000000000000000340743609736150796228096893909302022361453290870575544412537500778889305091901792516480915335054753689891725619050205840829499807951542546163376096107673237349015113984716360183931373954628471510084125168323682903778636575926712566978232528636029820124468713510312303123451624683718039000209318677446333096125510012169987583831991346485125999801322015605901885435195270081285675455318984818742033703387597802023766279581428783588233241385520369477543118876647319479172689654852080082882000416329983446577485479872601134635232,0.0000000000000000000000693685803006657245553126264516297242534028560782084193102592160826083046967194620781676343460149304238011328078139042474975435450064943072467098174955872627810535692293185632808518482173906784430916848975247904622727799652427675128704538708771555614471726622596020870968634243388663551057099451326340481514150756678184950855632420176191124086862223524994037392243173829015556774863187720948212281262976576602811629855558702452365792440645441237534959853026768547338421611910756315534550290406654132510682305213357623392569935,0.0000000000000000000000312003936918701454495294125587330142393669071192464123860635870241018363669743162845629606878318910852030673739495519283199634091957608751404053509973988519390483762419185619040418986564520337059618303460414856340124769119449036608287745332535554725503589749070749360751761175443764875863429576232203547326999700976820129372289069756687711722093298991031340855560672713098222341804486675612099977657536499531410530085489394976358956797445197323291239635977680585649440128073290438540243053005443813890498082353001758633177635,0.00000000000000114280371581127827580547703325334897846122225106563312919778705234634069311872609670127154930573141359146075637074321741790131583909132918942427153079654318914225729758085459947694855282721007637510086427759301713452676724966640680504977492756145833336306503155161742368747371161446303752301548614287684288503870470165647878945611466164683581991204750730385698848726818133682076545350803303002490542778291809021437586115927406793252911512173560423694729140166378490814388331180478023361937654656231871015458195984216609484775,0.0000000000000000215507077030207727533104864422412748647665434790095925086861670849599017128622124938640893263884074358202720217403427185314712040615128453512389503522678021700059150619798136587741689961139907894562824434450664204501756569720561538975877522822356031645169897196411282836174795528931208808165882604975479503716232517579017766194367876370252092448414900549649652730993375544345434092355585261631580109612888766814678063387773411757699399805691838756504662193148510809205008181677590216239907809718423312432832198975733899681023,0.000000000000000000018603889649503679985054559545045650331402721852808524767092197287569114318377721747287405115479735891504874138162673424685433268592897632346516056661220357234069172878106642442486867293547117444448242722128118747878064777346861309938722234928094529997622055672241317419641910920481763516694347548520856238808539533286444353302533816358526585117931428999038587677263215984770998415096075338282033147006208850807295023817744967894428849722789742239348924265873743552998799615269814638629182122756730564174269444079135697334031,0.00000000000000000640260310388885307505253907839493488467179864444079101996269506003123999958705835598762040890272769118221904111894864051977738783999207730515592763807024594606213121366554499705177930934927057532824710116070162650332795903375314862955328682879985519173005408612434546243012077438377975480148097862076384825509627647237147355696533848714354426462205267495789588317113581268301132567507718909556774844401630947730183437158932267698041889224907791148738066214339465666552588659617031785030233264580338138929933548440708309887805,0.0000000000000272510133183506403361097751833800709560553257611699610696131868011841807851147966399247743973518613795776807405734056071576167461907010824646318136924361087874774718431141835744371757432848594214380849969834648649171954993689942980980146752267288828921046563296781462913565468810894370865879488799565230365554391316597185217427789883755054251452241413801020294291275813008564430732903873792200299752797088190808633869256748880248333682761471179423738316832371733288290073398222245543014359003711053024544949475576578483833378,0.0000000000163829370793488675389227287087411633124606904671076751798562345311135287624589759291913421749621040079874124011553132962436034710650830244923485462862092568263906826119924093781640867696759567956309315778105540632554258433662578490037961234756014018897924211427261728966816523578164512188076277484597858429748296664341638564989933454684753028569087834979682583781455436348872001895484592220859148488022485591851594308475766702086772765116102512228822645683109837223925379000051299830463333665123405532236581957623964610891433,0.000000000000000483366328173813190678406263094501112829963877453577806033792455197616219133148860337932168108541445006784570374121206806759902551978387806935452573755465394258933445998922679501000938686440754047329274504919965585668484418330658218287293702588144370538492714894810348030310745437344423314712401959322048972236632529890418944092302115971630421962746203116621389338551710831601980776052903172318737065518238952695108205848534201681140461033985111926396926654693758082717867233098664808250617290395022769198297308615718524696028,0.999999713844069584270975735343667829049532738390744234734027024788393802009719082551248130324641994230102721423048261100739663068637235378071240568181562068125590426414047375902598998135471859189102154058093367900991006421525007635825016868018100733647703085606526085537914741232889997284917052282260726293626460512666328737432475310717674680968979322632525841043565214867400514614666794200069596280445393956895936854049123269685110598644575015549696754854841148945017871894876954967725394449418879788357606874363354988411058,0.000000286137544763603538584436990753074368229922093363152882570101007823059251318822957973329687773082993936953179148029988461073009501344036995321905812851825069263059302841013055502834339996806426593362670006783666296447394441670958190770816335193882774561515068963723759617048913794242386598668808211311529087338037906617961898154862843167379359544556308656682927165238127041522149428075992996233814590669549571440654155036060536417175065785098133544290801297444068713341322090985714069383285140550119903027947403173289779614467
-1.85,-0.5999999999999999,0.978699505671626732958669628941083495284160172870072536482587577262219622087392649077565579001759199406599752728359692663998327268603789259899766599036427662665824300827699367474447270950348782789478368317011157413975570770223341882592553852937248726072226756897388327043773881315290093680873280454048303290899762022145915902087438672982833785500733000669846672262875376169144606320739558292531967809127582554321294231684099828572652605199617577255307409046339813037013807306354543598555619630260325042989452204638445690114062,0.00000000000000000244531271220673715863208729181017578043218194168061979034659011955708351929667898415727941079296301957378067804164202635977555294960133459668649366196289542047106924226186777728828883049381364329339342841354543389847285165963663914080391007438946755344118845802621338258095713609504322791876348351607943664491981412443736663058011741756857628092332531408204557295183599452458103655224263766660587792700474962470180125526437011524223805429115343002499846998152822544796039103644371850668259412908620671365666764016338796947626,0.000000000000000100691040628218670713325379885704585572404703096320433986036151042334615550232776405463712562330952414343320654743018493926277303636498506829284411728339064792569043309812658244735992603730016234176488406914439586014220165951866943588758672947375169349851619132996677374767985016178569048434106556198686541219391399682468236577336098011601829250808555047675611363719400536242186304248753275069544073115921746981392351780368469412816597669369235835537783271750695618999333553485086702669464799557966868502060935312449007623343,0.0000000000000000000409242820009995361275227663530076644163861581562830169300192314223752537411858942358187373996378917665133949538872692270949193417427001710623869884016228834609040648415991754855379396322435642799097109352467530988608044610848477470013710769723716834003566014951837538231197102328704636474084520888505653030948120381023755469348777477806414535553494723253980778004206165014228890976476737105503846987569914393997536280531842475499679514144081037185106769958723153384192397595573867647242276174504500545784041873491541051599035,0.00000000000000000194615309692618598557925614149454677529106636030812960941765224343404684423776679274156533370476932614055379784768992371050055322219312703506785682476166785723121630136761230544871621091083211901840444567156806052990823491543159206667011498593405769740284013325270833469089848643691315657854283496482719219843573819234075496987668043085773081451420089692680499900959480830992553967622519575271714253653943512587223869305094959986810840058413681212724215956386427420195021505184996845995964738956228761920401209270994645339364,0.00000000000000000000340743609619985995203388256599866092664671887745749719040150350922183891235919389895403148501731367256671121206176368746024878279028505148602832540069139130057262713851198514570705720690861527905218837829106708497560753608197110549683449386501146180547146170447993700767695105880748649281616414538946916342842774480273285387015065942617290477953648173494290966696495693281803292630368836973361759475256371582329670940551797095772931333148278146609263572806090157655948264294361444782389109906147072570720670286100793213293562,0.0000000000000000000000693685802770172374134713529014025046626477573309338192564568786966177051805546921246478575174958147639444843594041832362828922844353784069497768561961920153881188428321495452853668280816568000399818136772421967389543412891308956792214318259449355430382924013968296021554604153738246322897487644824933933610896321083569165299222249214203923202730641440698016043505231708990716399148625280811905716614270111022891587039229129973313733456668993529729831611647726076338190347011503664076016409738192919562570864261057934229833029,0.0000000000000000000000312003936812335992517474794767457224164083467447737146352333419307109143174746909133867364302797379183350998556637141727119850580505602593379883077831025361991451435943788233514503341053522635187706968654952067482102700851409748683290739953847674243367301368696801948237337856689077909652737318908399287437573426196525236571743961808463514611690609319019221848770133761667074470993393642773520618040477590279806130284606482582638936288679134925372908350459041368523781153156251729456778647048408437516629846425810593643451034,0.00000000000000114280371542168292147278441918759021884512986895266426140017841154779116647361487798141689127334090361392556847383244749830207157899375198563996298090080865809331664260322427290691772030566248321274860807667012737606086265743166259106809775501653682843263192765275766763945131318574959687092388524877060245875956023183768032179502380280781549807184980553468677775684958426288623424604444881260597160641611588005059774640705709648845770643624863667309081866671957062209675564978601534045689533764969734282400011951379929078127,0.0000000000000000215507076956738540986398375821707535755749273048474803821714060538676434309537585849472808607670106374778776264206609695905973830729855848175175240174848232542111700765069692811191772615570464033230310180547731059590012397611713991979489990003062261226120101509707169167245318939152546889271653552577765373508010382734517690216808184250023146881746412374842388927055046569071098518413036327346942166131911539374070224788714696613739480616102022796764858617705872398454988342302651522400177262680169096871934685747875316459784,0.00000000000000000323121743360028804211241186985960533990879710310158540728413350061656496917042060158473939085841650883616748437762462962135519242226684340137488068343193144444276441381755900568177857622424765465244452506666980705919043670935219887349986963336545483850468585305633592499416265951321524323170647375008029685757297469554504492336712927764893112112602455948427487027330018463363113876217374853301890498604914058596832022965467748961018652795168652680693852708917648375144206685134396953631969112024351398353766128384233283888155,0.00000000000000000640260310170612177774949608634578194838814707044802207048909336106472191237256587570207257642351721215389211298328914400344083722416997776596888126177890315002280504175357200736441166379672801207346816814462798705397509514102389120907546449540278825493597518297523956406679198657417685931547424192771988884109951925208476325599967829940390498684546099386180268956519063624958252799512652315776238082892818696193088800091443064423776830557619490522971844106503415464713884019883281933107952922984568033166744999058293709151507,0.0000000000000272510133090604295834003828102939205984692691133296030416035234386153614275271261326321370543997478233794467973731148930574952502757992360211377027598313083742482360367676455716559570827685527827562763805409399998424066217087410000961560814184083616778920334035428425858944291569051418337589150324902640277991804461096834469465430275731256505060844753719027698528802836703860724431116786977274591212236133700664905503918022750143227351721332979347902434695392917954196195552812103023838133400266948051221516440889255067119137,0.0000000000163829370737637146526300171013527038057028465515298210332581264486495698214198258680029443585906916099061912686108143924015709082869066900434567598963284283174358924677447270350848864636125984800089665082685619883124258146098531015662280540075006219388650945995342841354795148794330823982582548268908073912947156750807781561854432528860024689662707413688406702958588628761999507889832158389714854619564846749129907619309005834498774748179491603130703697712242081045854024771287663840527366751661318699123860240589338288261583,0.0000000000000839535030488772581198300176007815219948667597310743821363390962172882283154361553822427555725630805316703687018773512308725562649495101306111668841243969302228206413277593403190194738990648648297044379028232184492591088074073793105174665516156075777507744273791874549165954494957579099812404998238957227605311214899265444069162134915569573014982540151180503341473508500217892045522293048272271931887182649375158091930511602305345772209235568637692978178200516906456284621049539263663207341350646840550190849021469391041599018,0.999999713503156577907083341070155467312278341161967715532245298656940705828565163729211692248146338978852032664261961867018986776020332127302031206403368687866466886524217526612421419759613243650167553792426252573120045615714436296247918244886800544639223541909949857661768319083960716909934545845754928148658829760424207167719189782322478382017647768797504061450385934015357149307252653385153194708224343061638623840113704236873574405964046978440532099347879783030126212351008784045949675316722290780911217588764888277352012,0.000000286137544666055500051544346157163774809515424954602596012331713830112217033792605750886139270951873437277540553822965856363658056242341972811233545380297349294164899056614598919817706294557935276734382746059679956538379751569030268859078729522271295272211621618407235611867436347276846836372933248864883572079032967330736471131392885101951510304408151228089020795620048323005153397434822532720686233460089020903301443050252660117987669084368978424647400797323465684079830898547077855125594798885767296981282149847130066937114
-1.85,-0.5999999999999999,0.978699505671626732958669628941083495284160172870072536482587577262219622087392649077565579001759199406599752728359692663998327268603789259899766599036427662665824300827699367474447270950348782789478368317011157413975570770223341882592553852937248726072226756897388327043773881315290093680873280454048303290899762022145915902087438672982833785500733000669846672262875376169144606320739558292531967809127582554321294231684099828572652605199617577255307409046339813037013807306354543598555619630260325042989452204638445690114062,0.00000000150466956397700325687402879361495834547483602841290484723678518346824707446992143021209349940984200751517527619617572437383207989641646757831944492724576006152021563170244476163287154649512745865516655238573530930921266303602289468582774151656823136077031990429418735670763502193958360855808469069580301982058106843607159500089966893971668681449275570487309479269127343849722385122198511880769241952882300644781351185168701911204735764707941208029881488049442055702405425722654633037650244814311037790622991062221967985268494,0.000000000000000100678237311645898180060287196484720657490271099317349668297291123881342907386129409798500434796157896452422006843272144215429768022192967939834451924973221939903159158190678536825666665395046814202669205741758748652191165488077998216015192628001497987121242636782310736927506604577850834436495545646933909078758337148510439499280647333046157410745473530857506671782988205889674296502388192866632487653223827073392991233815450898620770931998664685424042039573582503092062709401196402796762672295828648651103125952724870876469,0.0000000000000000000409100000247402484705601645809848839705058834170454740358098620899767560451753491084675965381951766419773864753565263457750694382201535701673218235886726147489178757956058515404408833624633327466540162121155480774368643737167054435955347922458516444370674477675623541723637199697102011502027503621418087689008058631628467167391600505734720213234838974780963442893796445546475716406076631074308852967095142394726247148696953437830495593562537057007793725162929556766771842608880864403867536453880048376614789541562268307868468,0.00000000807780922752757932967339765444730963956144080902884733145946668672799774862168254172585353667396652234070138314944534473433863259563296900475779901606446904058621888574138588681577591389062069463395103726731490536390678774992694542075669351994217733157023457062647333143751835612795344028248892874625510268466787114994789514750005411110717605186142758388164666686173384060970619162016485571424802235486535228147373563303946035846994103148908436493108993635854903593430701333499526977295982359817522512408818971638526064931095,0.00000000000209669109376269224298388372607713702737699544533392347904769208106351793775276498782147419123886005724091176043563147767843713255773548966539822962353629349254611915297003033024097095075237170224742901062773203961563054973174047294760001529431196825843704147649802206149766689206459560437432446278210183541812538289284854175334585988906531758451827854048990267570220772871732325871137396001395685152152147232575623940526613553759310176940030864424727562931161004609128422804011074856373941683581880524187231350119633844400058,0.0000000000000426844349673910790837479461036696684147682581005067269650998543699653070457491061495438301665955753822735002135145421915908376896719523060709277741562801613247882622213565847185370402133433944541766598288469314470708428455182958154632498625876154342713081827236457412061785272165136852398593077312225918921283295749565378478660873864360544235774008179814201033871768789226084620518356599359329337374493544275883515237631423100936254924718930754902494614408163804631085013793413625692819366965650969578509299482187637825420786,0.0000000000000191984781831386631934072398458469995218153094380526134531892043878230304214080105371942826022790366147767373531787824945006229908264717243390789588079074756938030809138320702238894770177116778795365741685289383923546004516859970674890111673601155707276429490314942446405258103124354049402988019979505286508093041103099895412275752821043852016399738736291502934933032106871085346304996798590689675316100570778520433532653831007185035429893096110421769312800549453043145828656096927835860818212765823804481728320667614586052603,0.000000703199210314115466186132806279181440099878741947137150607749279071925406569672802036354986467273003184521218411614949924976442902534939288522186943572527900347209824862184700349394428122092010404472599960394645892840238035161028181546672029260389760454991133280478625204190692584433382304144580365857082525658054175123660355440679507256885466978937255085141925401365540206335423190148418323280172946920892162635158483333770689476795794610321904330482859870500548456846767415995566965262253508633891478494273076124105032665069,0.0000000000000000215431868136782917517305922283558335259885226520644413813685815831382220298451668560678844866837827067658483529612834211328845045870748472876644760124986999612791887531787849518411570454807656848542210645345982957992433491293399359219374020985800034180256275196915612200408298564648932018076731128640422763195449857977572675824174277297574927042776668435147600809657753861685411074029315478542632961016163091419529412252436756015089447307241025993373926269877008228671881035812435282122564551832928404928356742955855599052506,0.0000000134116673773041809666739639013735108648550454977419173246202021927326884628329981478399492762323705495269440682786699762995461644600516769505887797662184144725536131465568084619482653842790730651701737555551631670046099714654688590817799421628770068038131663500405046431061835545495745494822977152141898209775149286311559185647299941068054675996892064143136647921782635121781894907912233714773354925770099703760392995852632492509994867099235157991490428619680159771700897117547114889986311048329469145783938222077698791545125,0.00000000393970144156657923678491598822538564761208531856345983909338195738370347891471527255441070185318465552972498472890817725162227182466645217267335487502158241517354149367653494068247297750181859502266239978131644930795909902733876564849779502115914041419316800956602942588008766841042351274998744831830515287810435310323345212429070305722157975403673010898060930818527997363211195487004662382505941723484324345013316403593958631369369784376601022540799809537587567639238147760283711570606420467245196089256497380243483119964327,0.0000000000000272415031037227734045238215516637340698979236558382632047137546831049939771958177250710438210891948861457590550707181865011860724836156311107638543150067907539009426623681877409241909358362737900892465917489634529920209510259542841559258447702118506234299702495818998556843259822851886890590166117065283606677338017424227828742678684110134310977029151234334818795870771321115610071894128306237540390571099013315831480542253320054197500798110080379833177812994046638985769496411085038117170596098782948560604407959052633933108,0.0000000000163772196681818443768261511926124203490561662311746027133600841115863860064484275407024122465764727705831688888721161404738529270872374889302303932969841574401275590083814636396563378213258799777793016356757581734312691599554253806241344446601493949674563382989255794722306581506694410444490826044130514355695149144737964171667153071414352722405505777592952520505692314816823591809848238899749262178183642662561393568299060757516037847668601122448202540084056310197764261217967906806784282301039016996364214015166816460154906,0.000348539316939701221497199779386813988314173383450231976809486739300110662795944767642999018787436460774270916016418941206072348791350390624232105001351405840411447134932263451767525754535274089535746448173843582479024239680456966717901586797813596089647337465913295033932296445444192175558458329491887537386782849995722479006217349240525198378313557664669598391863331481400861507877373297542054653698906769129854268921022675235853665979184364797686876630302839191597729835288045504266458165070931929520018871086660570082207926,0.99965072821937570435898888213242617346682686742608384146659387193610498846625276949549352729693587852914836726985707603946424904793602517397275284327119857208557048684790019561016027740303407076578666851042937513222703491736989015189268170972148603186006488838637210587129497927441534162806920493436740341446248621591936456995772340617354262036696122276126065276556894615302947642840375030472970505066675648943458391858108779940406412915295032357004730851668350524662464151054833694012816991917679120592654569452036668423233,0.000000000000000464794842771491538850316133884320226498249933596874487582144472593141717897094269534623376113974146626628614222335149199571432518231659957071721439939732838659891332032512293532133197301666880275542213953115456137398226012727858333809170747383558258280136179192799383662398711320920517965286621510870332407306074393850127060600775745565279605886933628405381648971241521681296239757628547303481004671936459635319770624019788987841902659586946482432843152723581869035431982001910634841666495242374443581413454947637021156933985
-1.85,-0.5999999999999999,0.978699505671626732958669628941083495284160172870072536482587577262219622087392649077565579001759199406599752728359692663998327268603789259899766599036427662665824300827699367474447270950348782789478368317011157413975570770223341882592553852937248726072226756897388327043773881315290093680873280454048303290899762022145915902087438672982833785500733000669846672262875376169144606320739558292531967809127582554321294231684099828572652605199617577255307409046339813037013807306354543598555619630260325042989452204638445690114062,0.00000000185280371766894882241598659486200325902412502364461379069921952310128475314100048813909190919363950802025561455659563125879117357897244663805660700295310589593200641069258214434305544257109111182336986682421910614385411483393438584195745118004261163319427834255887198804703399991159992595175495483109248608549737465335711426078061635705766656148646263050260580704245313671709950206739424083209356345050364494276490452698736089322587701722791543598664237180271688459586492701343201034480556875686309947263868758448121011800634,0.000000000000000100678213060929132471173021579075905885298832638081247075380806573661449110772422785546444957572258798720238500077722422342458365333396128774799498364906098385133175512654053708034632098041706923907899943260426627796916014045861745579351097182220864442810491242412120459305032376674659272831371792935815769829652758071703761634960610182219340427599109550957529642009170309348208284806783442644442599848127122700744159567994146425906393077530854758646708822885203483698085712946164143683011191423718916812255356984449023313442,0.0000000000000000000409099901706063251654202585444350884774503885913122231545485815195541035042623090313179846035317665231924976304085181866814357283304626030480580691841183536762488837903318083766197728266462842448087443846627411152579315341385108666416507425063989208896666911817956075663723662498813197932506476020833583206020747100365873933881997771820507265449402895682163483447317737314873326417839566902781656322506360478500267396192082033020632636297936029830177875735626686117146044046858985392279980694211739166923488440433243546155191,0.00000000807959981468232255090591899637156590335512935935071117569338058179578428254851115972515462297823717739345902549679114450614540632906150384226958459061725744681275284434274618801014870385357373817080726312904528272450880565169798133731127419726233725893198248752656462192313445888086290950943443305879879009134781548276381256648687701237236093042017904283473168925929122756514432214336217806975636803055670817757362101652986698930434549802793633821790789130525681486410697505708353568950099156591111612862885485895863856727522,0.00000000000258180077960709179385419299840102750061882417937711083850875115551105059995021587040788947781364920583296262843635131661162814408126056492702977849478067049636518591015370476456302846385997148991405730230645136300652681182911364587643307780024979329095667386206189833202265479943513892613129811511199930629962404229086859739200555351200154874439395376306324308390694907210130181310818267970214573799789145513650538741024333116328854956810438506785574712987828714479986501777204444479690607918147485849771850279384296155769352,0.0000000000000525602974151668066644491382258497847788243715515000848952100690455344497621667702107392460499160162895590854874004470165252469583724869158442096388258834747844375924050147668123090935506153654889804021358871615036351353813935461163346592743054569262038101607468503194399802453630321577565258046343673268186579365581766142676485416397607053375167536356083656789430363308731083915444336241091665893881537451918149515069018604874770582168354950409925833980579387010284056974775756356534701827522248452499230237927604214217573895,0.0000000000000236404142164526495485804854348247469452324115783995852946719717919212807694536005976569663289776318574788198395624940767072532299062226011359401812382209318375520549577393518296890241210978553028477074440979387959696424268304367411903717973294336396333107308594960858774232241581187458203749322067653380953375253336062242630034025104684361936037181926379546644363440160885412690873390062629279971952040460999742005893971397290726579242032224343900603252784051084308701197290625202806297499397472658222084234909104962095319778,0.00000086589783054306181323105733056207940869721734602834383628312825629529731547844299453668292990516208336952979139342600397022150723379177589073439452977603697199761143583396114694886246556672544356848549561803819917920647226945277801744770769579571442649622060815233451200958276857660313979909823562341612242334200212858077344414267066293975059357746446635610879238072755877021518896676774119935900055929230849955151406110388383743503620070664257259792274978176993466621358263668185105558051632306880009588961698524320390310682,0.0000000000000000215479622363819580450278106450475213374119691637480662025714476173455783853224757202332461007860806518585743177943473979991057306423770912587784492011333521724504047443330959327243543263207943601360771258517695693486780104702513112983966787897826236653041604708764596372956041050205765909025567080655864514269416175874028874518096460700611309696192176556987305363161732925703167317614188875920878992919684158826205760418618111159552751258363217302123373642712759865630816555062318120787252654922357673252473522228805470355401,0.000000013414640307049495081563192030333136662428618556373883510288162883630447905255351525919526411124897944728908985489519876123961038773252256077451527990945024207449759821119624490276381516201229963911342276937621290865722218967678561952153047598590911967272096374777139969733492946036878129014406870489537905682265817018325167668012711016649807558776830946468830336475517887310940523992966211907928477094588040942122340963069010267323075504427489869690520074107344847869397242811159131669255971383183000427613576325905940159394,0.00000000485122690868214971196646922768544543313762355959905069025348444698177988214279797103681074644104912623141880346230218813050746211594317188023405964665635325177254022730306972288984699802939451467888953567509291725050635799153715555150817361534334779630376091176112169502857581550871011408082395016971271593010354475715311115486382035484764226060820904487908373997759494708718565012377233128472993821677165674597538737339809070323772231143797386496855814807222122667889011632020872327231242740648986994064439959904731791978386,0.000000000000027247541657513752760760324055179188773974590514594400386684054229940427756121640993532849968970124884214057581057977394792464470833216246440659752663609444426903537048175370864036483677266708976912690415047143448514768547375663720784743027613683216942082448383114248899593873482987278135286941905891466992576913406121688836788445291854817825782316522607515812002064936307110244116362417594011645464827480215538988084029628788321764245175540408177155380118828672114395734215314231038099863035484862728459977662316795755576243,0.0000000000163772157233440604369956889809286611022492628496881046658368613255100351818490852837822790042690347051655859990454799808909134391178885359506206718028780281197177311213377468231525062361936991648131647208681944401610809419927960972518793721913630957348636007889768229333019171415750780485989693470512523875440341427578400894911742012369447655885550541375220174688152432002018953527769681883845423077556246041874611279004909893909460831071347523817766575515128353793869290308818218874250253405780162816781945654517666594480717,0.000348616576751892002292881449872030679577586027872014351557087989443616622806175348755044985362067087482555922012951831973538676302647673794251989251276531433796015264001561771879810369097329120187133452076222100818494034027809218832505862034794157857046695525432346204789801049541662632238414902305998630967979077355254815234783387094127313038219728989923117629011559583808866496918495663001876285460305943119968005832049353424579622246861496647752500512676034590810643957588415031082534888516544386907160543378523562541492672,0.99965048743003212813306220214853583686906138538164433141367598087456832725951837202800156946120331512050769177920688086494139673402601367069062276332506330939504399087829196548501090835361986444226709086067464791151988089710858146809342304331975872912735778995057658153199778579108762054494381769942585315599717956244445194781593694191257119053449897552655764194314872257487378447940513260235327707083493588185988140285526193597789107397692980107621624975788532734463580598203416974544653296618289196492091821559131768012976,0.000000000000000377545394670122133259745493658147553099908247527766120121830609771180912126123321529660827066405260927434535924765932678988607831136718205095794057298581850815450510735543442702378561875112814568594939478319599396731480450940966575884672996572152183507471517429487770690782514881615626872748826208530271578480827599545114288735867569880004409096165727090996778310973168635395663485158806527873313269731985107354606974284551228775632993411911299560877423905983221894782673373001653141718648472093154116533098780794516482177387
-1.85,-0.5999999999999999,0.978699505671626732958669628941083495284160172870072536482587577262219622087392649077565579001759199406599752728359692663998327268603789259899766599036427662665824300827699367474447270950348782789478368317011157413975570770223341882592553852937248726072226756897388327043773881315290093680873280454048303290899762022145915902087438672982833785500733000669846672262875376169144606320739558292531967809127582554321294231684099828572652605199617577255307409046339813037013807306354543598555619630260325042989452204638445690114062,0.00000176177157678041552647873268979489825236935341555157315583927388958402378401480365515705160075821954904681147464906061771656501907776572111494734563640173737084003874728935748778561483045833189286252309742533181811998675039217268571756083266443166036516153185945348759808347268642817018951406254524427131675624732316807064230513465824854253752679752982257373940467837752565823640412374665870152275005950976863517070910774455426994265522554418926663227966579693276906667584337669069327998617527930586068436655227659040715180519,0.000000000000000100594772912629686506932391998418570507779996470488825264100252181716031137293913829365563702565777375829349119687706781037498268265419957745497887095671304370499839713554570715091342456480232925089857448479445422892601125621502912823148811927887830952121898958525702919257277764769595227173811589022050775634963466253846297273418512903041873248820765757379367330324593094190617688651768793732154507164482909153880087290140759508243922555008796729693538477235946989733860150260715181799495579276577494591004950784422156007647,0.000000000000000000040876084765027728208548817225172735742219675635702283367414423036808109370970150099479550117834479656212140175651003400555048748547084527734467821618785016042648847919121979211683000645796566756580014742321957341819885486039146327557636101559421809685556571930697943888499254700291910840205165056762996398839436353608151036339580171509446308469150868223548750277004769983813663035876238010410379425195085229686344699939791369510593776737856720927374656371799575884591114384568706088511623788224850643184585584208157212831814,0.00000000807111255195453114105333646682465131186088513424095068277242076800081856050988780868852430438765959005461307194627681865707734155271648955802405785308184024960654934660683675911134746848623084602776319191162235662270138247601612224804859818193078710699192861360829956032441938480602941533647606810095716732182842877778475608506669899490512335742620095404156346519756133672950041188048791032649834718912177762996619113020668049286275750034459724756525792447660223812627739235917242618275300854739060749346633027913502984119659,0.00000000245495148085297975910689870245275442152716140375584336070410452091687053209769683400403601762445778672112712307206683990812107598023236264870483301069796260026120974341495532791009649487940900660598337517690725599949965736237107263820965272454100899245126009775554416518093688504283542564567627069150801196709701083424507537691211629173959014768809420211812316302273137263426476923465320314950271729114257511410950953335549549925935262270717583631479914100788331657703299032676231169141142866348565532475584706404162960618668,0.000000000049977899531455530487282124567860989580587253644530388112908001955297229675054459293189050272258391166278202672533863500661888879280320835772950614938337586872159547552634900587770083681173830926883799239932565870922289702863440041502691524125378047016999348579457541223726367744317601204245320003890832605826946217370808774357899943701861051918177673654208968691426057043367744291292380857693066615060657981984852127348814905396170149470240114909445486226260041213417409434185031123198404911185968047829139888886840012715868,0.0000000000224789109783638404576773660655439032957611621580836727508885109798112476165103710031505747370860608847039889895651937907529291037095255620028754858449520848351912796238432963965419076437034572783210931991639698852888628628779299089046842452891023537405687641977795736372903667729918098474562853928771391419104089429517085022251774948626057002026443274026258426381221856500735403263384195485567956326823507608440610459262281099199479439177029179587567778747639793983889911402990924297104007458596598815288963805923250151162751,0.000823354450176660116586123132136731704616820332885653583081633595408037807484460684687692080495691736501055719255738400231160573483894216821366030093743875664164626546723185010922229576131043092009620847057639490652033171587148591229815711434800997615470713408799349058079521416827939001311171648782060510901539807540404592704931982670319992263746978487475033609488817954155544688732915135275567348120495789632323316671362982097960396763462213843648036997154085187443012474383049952348349321059370650404439099870234931661072562,0.0000000000000000215253270538304008461421080287117321311207208457192944427681768080960843444662822074203893483498257837227959326243651603914021910382376220203314603801393826130328873821051394281278552748002548939377745411373846129215032108861930327749795490813001444732409259164556226344289541894891542610565163484612567336513535319775307362716141510063150950107376304913154753738419983522972066818225362079572107394248442910338275380697937083490283119738006282901792188292424425457689102807064985999959896092852769351011882908672962208701606,0.0000000134005488199342685237035110050271856641416523805439280668720579863637028823763449761003545194013758571420778181259304731471983109375246415575981429608657215275450902528264028565446531052555720541999662516139813832565221183220367650440546741445519821930888536175375758095892651517980216009524766912741971427756771577067660295866700292787796547192607111301510845559272272047232446312400490361152120619650095986461369489898062164692692759013952525280084944755929345480852275672426209151244593022950412128548870220620292226895988,0.00000461287593430640148731421675975494489030115353659900519118735599403375804036212426045475611610814662786536493913568693006415234530410032715299045188865847583521596917332343087931731173480148552596525311213958833948346471945272880554799091976460592545917211970536253421209769262919717963824125565521504204808960604739003466258028458093412950539332232624971166518430703051038885055146101164846445515470293707354754040836015269823555638155537286226973443676962314308337045612896629764383696320501994954870467021757537567658835969,0.000000000000027218919318531865866871160318397151071839340786276930216032630023040944549429733737896847811251584517468690125613772223494784105149241644351267440379026343403660519466184892380448693446355226251955991734317375276425930550035732497121469710978362415346884157284545335365907411582015570230368142060855775689033189995787301213227964676104843608605490087442990884165621712924949220989939339040455051868696044961484845956375858510011549496526340165811290041872856114552862069486123155874796648430474447360141246061081472196833524,0.0000000000163636426049191203659460726959086142391657639795855799606968313955390254752457140548473737624548960995936647587494343223252252116184158043536442210206072204682996466882968643850640994319119032143903800245741156216497169177512224024772036643924736630603594089510051931748345746834074773115792472319186083092387575417922176331964172763241310534916282826877228124263648101855216200706974333765289076246490512887030220107567350540677885379365047097038291891426301909128616405830360320687730377918855290216866550888687189659934396,0.00034825037043647827660543405495663368960747020183156035494531910424450999097158703925300289446064201461082307920432666040377639476468782830212394445165831724545795576287276751774999584457619337783988984040046397696110542774738026580324273372879735626760173934236269855226600315958383045404332269089468549684985757377825635035366990110798515222230214987505707170338210325387039452985376628994721093502110013432810470634534875436059000177599768658453699137878199043842105490062666119360117971581602836534003939841569116159240975,0.998821996514443745249371334421519441457792079997238257604937456257723351720923341259454156723674261640254093717008491788978176985993442171447652944546112798713654762588302895605238266096237789588897859403904468440462184245980734368656251306701539007259895575934312515392906937904371313165581845860051672816366970203982713200654052856963365276863786510092928758825121203002282378999711077206000888249762268013226634475497788029110543907689121009639978585916136196137221498514689216837799684732565342106197105184339589196430582,0.000000000000000000396307654326356189804043865479753606911185507294687126892127209279305440274687920218719556389770154940297036732441167654067406428110978909386321942780576199624838229719516807648728987776709964033016636995353648833449270836831079959774898362388933041631530950344749730314960100575316588150703787095299196404137265427912453666930732950403534368508059926237360185893434767485102837422227458345574078258682542924282196001680716664907693883323657037935015664878457890443069322350431448272918791705101879379793356013863296867895095
-1.85,-0.5999999999999999,0.978699505671626732958669628941083495284160172870072536482587577262219622087392649077565579001759199406599752728359692663998327268603789259899766599036427662665824300827699367474447270950348782789478368317011157413975570770223341882592553852937248726072226756897388327043773881315290093680873280454048303290899762022145915902087438672982833785500733000669846672262875376169144606320739558292531967809127582554321294231684099828572652605199617577255307409046339813037013807306354543598555619630260325042989452204638445690114062,0.00000000000000000100878426036063530002389311370688187050097604414779520588794293467630271272513977784597033198383316282605073876988403599888832530190147849620516753535437316365801353089085586461848495464791091164235464069255141680448951574418724279722291140605574958685147418607293418430947871675648901978833919043167374837947227455727042454785893087348655163161939807053367684234430767370602893165628168028167658149067452039313472599756570121237248705520774707009610537023854606834257368169920419263855915209988432556505569612226507453150922,0.0000000000000000415480919465667594930631600214434388850095443270777336072047284760426251597787255861232807855251682652444161799790124021517401420102338041871765965624116463050133185888245195876527476811531592841666872610703192784833155440353578185540641227190022469618998481507101603129427790433044132133482569277010525362491520955967271045764887488827519578587929095979291380158377665732989073103346336982684567256573761841064070206117551605871526151322712829732655173817172908864041732900975768356340635230108206196509399393652993561198762,0.0000000000000000000168828188489286257502471697322969556527994613217245258459392702720241598505128244173613662813176502922400491780330969913711851232216799068013767410956820086842532582657238433983465471370915730467464241923956585844536753295176008448094078866528010805459026716956335060001924364930385321774996919481894047614993495109964742794208193998596229139314977452091447306367438471010682561713291577430260992256340641069025030249893745919636436542798185548554547921935480150594994877590647766407797740499213113369140295545429454522415857,0.00000000333430586207096923244790155802274517188362295809409803705668656998770223781441846469810213051229100577669250314390766059515641681782040087521674136657700366346812946658912053801919155766819918178327430537705891446739401852912360137105399553815869918169547114052153088396315423016603565261922466668610421673579544048502867377994353783888856189282575030273284462240671375577486388184267632395601998579448887299776966396144723123255811742746970647999949068330153280843140679102436098313200890665333654122130824389392759662805699,0.00000000000000000000140569665583961721447972624884854015973643402012222860787688615498612692857552656358275613281955672628179700423732213228004506446632090521699796615137864023069811776934354547876817845422732559845267706050978381269752882757749772023603190323566871764422993836635401939465840743175828704947656570029108525234821883630810277430336843595463881215924808388911458202622149827865234292146841963519683061032966152919092900785042604777742687403681105784028875014589750678773698650354820877946573318147749022645246349861449614465914808,0.0000000000000000000000286235213537418224723399953175403849414350488020174140226267889075308528718566899002182026199746383099396863868678028855736087709051310826811599920540737120085666267455340809298811426937589993758707947836046880418915543513207080670920233501986541665329725036994111492674937330246438763678402369619659439651987684180194864980487414144753440458694103543378314806248078170028739461225554026751457464321714991068205107002337050173730406246762555665980937597822322160121392425919763918143777588891423688295895015327564826398624144,0.0000000000000000000000128713460268565940134229811006886261774978204597924343670755572938542664043854147981973406481123714128253766435260597583901736426849858812610439323729842758161366460403244092797309610791705444804377796457877462744264009768429207356829089913500002423166863813766611411539949914238178453260729797554346578465369488748804946180933349553321250978374713496364869784567531285154644111718939537937029780805515658554540140682731566422122072749273688310944571283386175982307140930096290491799574415495279459633792890916383815152469533,0.000000000000000471449886570412522567747277282501269968834484116078766437651431803020099802471528478921585861084247872902681468229427002159441864749989933129362891272005385414696426917135908408654304270584764398921842669549888583871526765592380749340974050490862291032136210599200297879514065217343235733155006522951463988848802280915300184673702223200090478799995480420252546992665496689572380730435607317955059241731325389757339408612867885358352721621674580205990868680666931702243478920828096774932297109090367763702675297681253666389277,0.00000000000000000889048448262052532604340720953597149412183027179698867171813240762722312539465638477257518167060895136886011708998806672414013189700287624158644871513654548529342606637588750180897197293831323900850845806975760665503492311745437228106681293424267708414573084153374163716704539402270841739318352151964564751576952761502876413493737002109520118663637337775758581437482828726230906344763363029463188423749232619994142393987763295140001694019659720459830040419286156507264116348883593426813305772132222266348837672598744376003038,0.0000000055359813405717824733624967173477653455321224956298177037926142708432301196233655337814459137684369232654097542410451040826211666589523533555204488621829531786415874267520280273723976306250833740108999068355965369578642238957536077771383867229543556218120445780583520354356397955465209744896196873139761185091291489865177416763286962728756558556069860790930075570150994859433840989856049359381475422209558803443764827263288791905395691934193316886537849907656372779939319826961671877456141366914463484175699835031386821540812,0.00000000000000000264131667172688913878602772676947769409210214404305955147038657171152532819767105754006825648471048106949215846168167858459667735397299933226862365632710939233290608744237612347139225656729797907315541110725553235137344543613648066279701526552627068697052234273079645140268718395159367967850921269976686491052153832047347946011423817575417723960349171221024259600761086789812934648565113125211205171814428816797535822080909484829956854999658563025515871779361255758824273752995681013220345034180707303505853331474480617739221,0.0000000000000112420767977156096994655418507414126735138619637369149849712660528053952938482859376577417591254981252985756694523223274447378904829597651183411412956379466211811506704497641855260452300063841495357336135564764975743910932584715845069906165391691938104082478070245183155272383861787831819177575610584812615080006859729284483974896398318565602342792487750729512978454400619149824908119722319455958400766841957816469323646554528714563274175184578868212234432762634041631426189568750878830153624374969804072479809202692868385281,0.00000000000675858305401652485877597784916516751720646353873402440470226556707647270726973294869579298203620628282334389703113535124463428775440522949340788091104662350813415400582971472559255362188788077122772688249779448265446729301737548585860691378345052687274670871079465350664681419740952925840479501275342638737446500808146582241691996806992984250868691914562585873514883989112532245436717197800380753461495797365371102876500633912742792333387116059485612358858988145211979383002913762348559193675599132419541505286146452706695531,0.000143835887217397848013913573621700828012215336753873652495155308291350325882008486819957057031685291834592268618601242041041301924614259337657924917834720219815666838838163690000696913575786468120365479468497984265637575166565382088297352711740577489906918601516277027110875925796361109205060835645903171647823066514276981350870205447763329956829508672948586490301747692439734440282960733634377278754812716610354106915606292316341411801228209350143955832562200217558448873212858866598393247115588085542455192499024352468955877,0.412537818296773165844304528232638954440760568444235408899705756176944607584016216256057559272885525840591757858640789390658459516775059016190212706183007768344282516976970928399913753786968751881256891453363915221162511663033462508195345885376458980167934623847788689010931168211137603903714379209494538236182209952503334992755462914063485436721620657078280473285603719671517689306179145839100428909744151133088614352924211444167612112903495510461771543027459070314260051238218742064953553263753693782738677657994652319532199,0.000000118068786865019369152110149978408365124940925835262905928291231820422398249374672968703455330309746539383689268992204223160303026325947990564273373449366248522098137517020722464878291249575484580233043530779870732511337438054625383724555443260887656236819049626558675146118920859825092371363830999894993271221126639746862749574922942439346003888187048079507078075988453818740215556224845863024142541007866344920084596605506314598068017076346014886141413637670363958823114348170736595548376852315818316955328316668578556417619
-1.85,-0.5999999999999999,0.978699505671626732958669628941083495284160172870072536482587577262219622087392649077565579001759199406599752728359692663998327268603789259899766599036427662665824300827699367474447270950348782789478368317011157413975570770223341882592553852937248726072226756897388327043773881315290093680873280454048303290899762022145915902087438672982833785500733000669846672262875376169144606320739558292531967809127582554321294231684099828572652605199617577255307409046339813037013807306354543598555619630260325042989452204638445690114062,0.0000000101496070572939396612572752579614815533011236970318475396858882242246720672423515697562073935825526505156423046676532117145209223488963651114923136795996047863552435512203438840241736580415010563072041658548940561755884589618355655461751295473108644871442255967533189388826238719538459090443676118968493183661286210338472475482684879198898554491985046202731406499497312231737930505669159564407785924954394430634444581121513955481749156855770393770611831611914492253149356073321660390934680006174660626211784556198177683291712,0.000000000000000100655491308482962648446059824737104033684911749784290031615783198516088662561951110991837114380606799197482246287284438235634713842495574692794217997929384043513463321674701292774009028928368759375886564662750605620509913274245234381625503786041157020018622506010745948095291169404890597634475983515781469756091030522953863661230742150965480317330454056889464325499838909856618963455954932283824479766109448353668729622451645429502611998818395517143141280999860931401178357331015396106122947757826454197068574665268635532927,0.0000000000000000000409098335418642344824673047515852697437371899023015384895436544708098747758202971860287226777727560471253125047388322462932216171844240857560751181587052605825600403573905623890172195892494591470874645151292995475719169628657036551353936002184436119851608330361561860596547094881460383658052892845534240233947407741535061995704699481619120680690182685739306678358196843035929152486442276281964269028719968878487171257616039795430525417959790410614714193827509048030721788928683229627629406790259722310228640301519259529004403,0.00000000807777635495582265541584968696101696236929298205929566349819255802416449084357766409586118941942372048587850588816018341452630817194274404029289006066567612928194822303005853841165683482410020974048116844007556857560350087763006410799953364737824208373676635625761758199178279076015593893238643472165862312112989588425164794052605747283944893790191411749983933667144057176648776224959219386461512385588190628562751080040061557253449759198557331801955169333843699973124487645003081559505217492506339575960618458654790650371496,0.0000000000141430326177212482753948649716393108093390700238440152945629349378562613040474171559111781591444525116165993697930974742464713680280260320283757920023065182309241319118467108102148287752230043714023429330354785138135812036651185534293283751982424136513637980734127549420977832072221296710072727112948793202711079275515097237497554004965494246762805000781086756740771714973125017291917164430465658223300502752903127925338834976559672637773323657742477555499239833016324006944401393107462591692059418349100830553853662000379312,0.000000000000287987735090834228167207929246719602839901044780759583407946135854351047413496767607560676064344367577712845648240656266964952825584109019819100339923838953622816015763085676411027329407873652584386362150700315185791885505191201128242749159841977883187877029312385126559660616438417219704335306297147512081659968579852046719012919070510848347246025998071887824077070917110315498405318216339446716781572607321024992077211220237599155506579891652901029998734130414829440246731705550924103820956383717666785023420499871577551418,0.000000000000129501529320404314986379504506831571146059199581569671236668065543940608328631293078138728756123750440270507163511050155376677161164995012230350071678337697130842866778893072220384001221431536564354783151364790779756321888238953937338919029797419042867412075271670570258963356519749708433453821147519271611329896023786773668365679737011419338552340576532183560926664781226996509355164844316780363445044526969509603962480306317919372301248029472979535323590989177252153159693949310414087061366092678085945636177889556771971348,0.00000474336415021467925340022718422193767724184138588337191572055028542135780525733519862812803408155979665430951096716314277969332928590438144173706787394376852624592043659269794557153637166606679951192379771110943396981996357535533250539148824219705968004651324575488524020317333283500142987665006323306342815173533217992086131368358040140716670985565709718132931060906076455474751141397644583010934621904815263841114795765474868810278725293993448198220732945358846325832739965152368891197774445682053729337060953827477931407984,0.0000000000000000215430991438739674362605652185342460067625228663944267288077894475878952418864542798786883063348712130749318762839543686251539840936351851595973643092571379728837057138233327117325650824210984713083458032338680134411164033911893158133536437612036756091281715370303217975329708842849283371997224663290874616318400895993456321731104679438496105329162853851316346489405976430144886974346565551727449484680383718836898077643114539596618656830414701966922703354527013410044679312496025924727838108558939808417330890801499898865863,0.000000013411612798644821037623128129701466229845815150974125895920812181707409007000806071679997521060381870877455295067667739903471810561678043434507173631337057320679988399481323216825023278868254624690474529759576044566821824236950145180783139008841560510820891027177932175353889504662927779632538684263378691702898635037311684245756481855218642595037697029327572997222148391569771795564123740070267365161826763940191102414738792240269446023176674880046463222284956297054809037590952395787072430462655743632801664568909159204747,0.0000000265748856175882444678000072581690804685807528049868660910206401440851174241673705517314988305656304128321206064922561948714936454029222436821803525103681575680710300503846027011427668196843185819555267254214870599469036271637094461773498600906696417697721130726386149703986424035994889097133133150940551267299334137198458680574031857597266110967546135505887915143034851797432902192936435390658915249853583158026939525364615465260385072015122718163278807603400917202228454276363893166244428967453288432104195709277492708181401,0.0000000000000272413922446717640895485760033230038407443130059495798260618678076751653151734235886667676365042900343069220094142039269839414680505167736144186073346843505266567001613347726830809747447007585156316840906106218351347320177611382623673707085921875169887204141811052027887036693770878958677429615019728872726081104581041948788192350073289467076630268101016865273991540256099576090578042886422941239413992734941261737640470110582340333840580879496108404497584019228890434922521282548773874217902370403748579689038167062580545095,0.0000000000163771530212341989979802953404308632650979797580835015024420501327622097973845589148792517339478612808731175084532179776066811238226254483799719550276825078673145059842157989649106588301288421403127401510598300432743386577279144331376647362583112159155132632697018519599172215300054664591503317866778314507203815713410741649883459287166006323422233807401949306781469355856217557382608057978615011961284548447575465494000803280196010229643918598431880780974987236016591156984172829191250589670373851809510416538115143064037233,0.000348537898562096287337894759484395981692307143702554789800681452211507782041636864270892692101652549855263274098599219946257619151791621063394690113185551529420033014259430158313227792142415009568634378074069382000874910487521222621990614206353230920586364900766981687164332957078122725971225193034896875404532912137100098714809656789459834248995445115478543847432676301180550879373723458378004650510733954013278977652091143066668761617699945332100135704926037821163077210534503411781922795503956406552708982151471882676464315,0.999646660149758445695581776133583975652672775397776180957251130990051749647619100499897172797645703143871612035861168165940516724870359101244425947158009941538166315818301048034328559814215697585831110267469850991379445407077324089361166562654368026476047928665371710759797717398908409094349685601876333354231630476927216460728498654536403737922261379609641079129801859908252408033518842856545847271773717300647968821143787935381773418397299394610438540213309873816080847555197506042568405672351246691622997197573552527702782,0.0000000000000000688895440639319428917599842408428461021381931007783155745701636068948369429596586967798440607181890304171930882803634145469393659092158934876820772083999228861385091909963650515069213820066617756094742523623221107088479476063252828428624760342139661811003277786648362583925069688851092325651073814833157450028433440246787673962529103695403078427510654115170375226309222003474116150885472504248831641350643112501134650733467554867124040767431541428726674423751771930751412381691758442110082466203035767781020059172656532212838
