0.7777777777777778,0.7777777777777777,0.0000000000026903044830754675118153056016010432517499948305502486430084557944823469339638198685315518570190273993495569846584093966432821478530285112266424055861075455414154054293855109059456958166812267404335759602718110568589797059335123146235919596735778592428902458850129165009349982586866836516763587243370092826253787028981595341081777409220295430775928039496387844685085921685881733707067791038869640444766556953856886239023683971,0.0000013919954922761005656131940269223598247738088539897915299898929101882629973849439160280705296296951262650802292732732203664387091023242324066549359469393545890510126406076519221037073608596352659026130220562755286969635667803456208095346012198181597329029072176691740999784092447444414044698596043624405546899674456489990463730569629861922079254500752686089661989854130069021153918706479328560814620238004086314707011883077693,0.9996724489644543560474791299656713461533072191049030671392906741156327818162551259430898788602229381229279546611250635979625947515166346107127963453191251773582486866166030253041837208702940667386608016061266852399757588917038998029282778787577284887260069347373305030788857200716885269584338815239903868974401754432398467526777522570824291749885303679873499121508211468084565243102695228120697075415165793139384513416206136,0.00028989094125314909505765739011917613681621469286961964449701087325528155777562931290504364096779622360506573527581574152259562663709309140871477286592356695767894206302223738556687929424873382647900557305156169189182194136744659674535208849213389988932848230133510047527203169338517886434318542778634402693387408114333591342684587509566481712542283598876640504527054162140680968689306625006052485660936899796586772219282726908,0.0000000039872752261923894753998940794920966630798057331291570752349461729851871286870355426110111089734435707510608799962195787103022598335300481925383854186746876808108663688837720173187045175721299720404410251783548312582310417746753915691921455092318938287145908490926949768077817060528059858367860202643274881454115658276352061296007846182227350296455516503838572705216340626569997461564308433501014992498865725675723223439925965,0.000036264108833819704491408883155701254588129361031155928524514819706304382721863973283397243215147024524046750640920819429186821378184511640580409462254786897481871187626680892463642322123768242266469080325131872851086932228417868512287209445508795141637756820290214883236894190548039139323194330906302486258264230287909506842965807214104486227472334051565100471234577435280710647067060194963060382974876624946034437872977603097,0.00005543553073713385292060180902546108529611393181118563289126645388230023618397209720508825288061766552645154861860085016007179116449347398537020590602407574729062142662775812929634623624754813330855516749566348477595700389935196059403049885034781650643195829007757835003561493280291362435737358866168130860398782625707039948285357253014905662589022411758922622423088489672991605682682904578768165975105066054451420136655594484,0.00000000000000018538226733411813817926750069454200869865097086258384923619748265948243332540190860495887884704459170409274640212375802965247387342574039849967990197472709848200539912665773269618352447283861103169465971506720739097552946156928657356548988099099954620723979746109999286334101508663201770651367542588589635572404691537737802902572913891384884937941320809692344347010019103855881372356342580748185365835643354054983451279282252,0.000000000000000000000000000020327637326534675059406904918309524551317062862171835160133191760579337380264651221793832979617705467656258677064287403517919846064831184108740867773622370627198695909014136141455255809096686805747573845981344168351854200701105292241399526107077544406631721173359968890275383600179709821569084352396782529888791562303931072312197850004168150599079770855134352687229831063314282059396264871146509724231624618277411171790065015,0.0000000000000000028386514176721057317907607918194189730217575329344966834843764085345328344142109212718814944941721173728900627350158937097801780735260468147646615061846065979450008219595900068970436685798538185736697383508422175741604383952679399068037534309893879831695904008778623035240445473920527067422035164941637797983810348282015013175102531132753306887628743548532834259425442164405101679050956701183387801002677266519810879562444455,0.000000000000014976482366507476977480576451487024130478770424318376434704318747199897312005820779831759656602519065916463313729390192139476589624569349826565233602473611367979719175306657429379270178482368067609147544908129639201838042152248830343905488930461717052546025593646291483150313982381160790375273338219881428321052466987463385424941001765260050749131546358708916779537868332648444275451546257982792876560492211823249195768073974,0.00000000038481523592478706259237825366030145849020967683813305990582479952063693666203796669210022218460258300272378298190368504431293802740297356456209305426776248323204522092127617797437376151777724288875484113074060276143174100841768549984987217484892468775800744372344762791603908133113611555155174149915969413358114999605577966053204591928197168346609538118506275495594364356815304877713914304851063017513092020435323369074418478,0.0000000000000000000000029631434725906665895172635329559713659220525895670459219184960853074616682878111039034349270404447845855443841758533794542199146854262464201563825798225309060391138258343532714413914068946339874387891931711818051798737892681582614598560349773967549140345472189579732363513673917525387334352010763058740621466637243866026886931882597869214598161830718792168123426795811023494101210818360589963480296668076066051275355480874282,0.000000000000000000000011827273639729471648785510656875194865604237124370346752430145081199205369889081162745236425427956488129052492633274758272482497953206726290826659609337443632921305028734624508163484423003244860025278669029375393124071020644425186402378116959053432293198254037651832901943084429754231870739796251784894773343285377838472643762478672977114623833461215403624611210015829628195055177358654487699365326552809103855364949089141326,0.000000000000000000000001113580336818467306470072171218352113981087255814845048026692961245714422848980202278698252621178171245709256760219488129574077535964308891634788763472482598488754730971415291730581052092544345532566592069271299020606955850419675431806334279001888304807941725124589552371927128654700049074052335089908805255613861700536654284702624134542506766294466414927832977151019123352725305910559192295311895775999577265840199583627278,0.000000000000000033917917102331911676232691258420101774009386716773670332666784889244368387893244572443804538665906197547452098317279583211270529112068663328038470281770179799407602226149399430518182801176552944116256728392320525166507008403842221312119371005572141154531415773232669103968647013170523740933718692845678192140232614142175303931033090669490395298448408256296347950079109686479776410232186047319533937234804465607901015687350143,0.000000000000002019806821230644613232845528342681388971113265077268319739151185994006817714109898388857428284468545871173572807136202309545516286058442698103393637501436395783172851440532310835015788773963643285799231703276396456101237385412715946564144348799240862662305419952100060136686372460981049255435889840240105876420616843940006033663490468407407753293497267376270353547919261005320663835584846053093533526630281356685727486252242,0.000000043418496068484469666278080145523074892433929036292176573082112300219039609048235287880194877840460030839530100877091838358572848719387976734113385203874343709871166417920957378889630098407293686537205303488164322148650307040599726019918471511685676375856349101386781092837608651435706756686758887383412050776636979119309930268062506652675681605669414016103988126372638591759832454095306643984651958990762763294356593236860578,0.00000000000000000000000000000000025489227533148221919563001356842818497588256621351228731349092882528390115792304994072398920799578417109070492290228104471552642380737895347517899180043438180580483413859861501459282583016784821202013006723797882931072314399571920058284146940814014964918414120856197996258067449535807270101064289383794118885346643071897950554356062043912653045873753971479648375197104405194057630258301962546066295569461121125783445074141426,0.0000000000000000000000000015381887641109629631671894495175393119434453936780217581671079543393234817857445205177316896971940041243408427423773268401975180769699673323798281945566111217794391397832369316909981531007926076715596199731251744101065942669597916061309264431651008613784640752092895688754562992098535823230515790692690172879745261484391236561344453251815408530943599862287113613250792438643907536576130319003621064283742019007289760925089331,0.0000000000000000000000014606278105701925445398477810937378605353094957770573813952488051751436067858817904542650582236900333399784572390425067621133293950151120045002697610093862397744398837019073991278920717155997159797787284020956865004968012649066141446653198155013323663590011677333064266296550198058246986817541879893559206641452794185457564757080179236757469153356151112129253289759969714399015304854009450001600532939533842998728121457023262,0.00000000000000014376990711373726928036904542947910462175314927664565389710503228575733911120920042657754935061742688688543981320303079198922592429724794069695221611899002742029622121299505179793777385868782816303045367141518910522851424049844350621696456029112846859537783679832455348076408970174642215342970418173091978072266758852548910476378350441204747945291179047945801928933275893829144787292416847242850948183595311531366103838342111,0.0000000000000000021922066857308387846030499707428247468750804196876314026468156454069976432284966616944416384705754328237241526047232456116971657590627092308904326941028751210691168990466361704617362427375477161943984116536138500465144066411587071632592583115131769314055867290773375308332137746414069631613356915124086078579244281132269740777164018820864460453153666643250954235608984578677704363874872073744485986166796120151774345309030308,0.000000000000093529006328250195059838956153141139792880111905362040074583911754973437661286933962939474323917742644538439897865646325087466637267998274978183400224438517185579178919264848599906872667927429441879654856773910087940920173652626550616726981002735302452042708253914299378917798560827903933478944419626404146058065628899131619223149071080951593884539330176355854298279081620409662685028236898094313910949354468235764883279537994,0.99999995619655090923795226504284514072067006840851888469762752812753721592077296715548807422648331805794446157117624020432410291226170586726838667708203520448578952241558987772401343571817674894109719651406547312216918626937639019555116893363504959036412039979485622211615474843883460358104603827257637555775906035787144906645536627184809014763138176365637083642131830320898001550529569009839749302959980808182554205584864485,0.000000000000026892956307274417527216895399959799052733498079411983231528058942502808704293518970999215180821686964220624577098514468985940024070775599628948379740467355412017809255704791538182752999094553241967246127506232211545789016950090959768027931685418905555873124005658861732372017534497401723318978687684393657225046744543503386096128108424145006213457974218710545601604847787345569319051138989444877259895202029081824467433111587,0.0000000000000000000000000048650344667409999972582052094241761766271014469705512217433768472834785221863238551073062699699854454595348637876702297163030499770661047092530539650731153651781277533363039393824281236851361367179235845698699718262808081898871185452800941833611780045934873358742880140883568143177257214512185365333947712615882705693039844190758602729237883050391848337180655745983761088881146445075157048900146102290807661486052658945230612,0.00000000000000000000000000000000017743578392550509083054646414442453696674560170969127919109296517066811288378806583010673304771966120684688923135867413128036279498975389767587778149312314819059218045432189938814869935124681940370030896952919245969599009196465798217410424545720355216537202455500320334062728925989823873587713661906977417703563996375393357733323963176932864084753877215059332237079962598021673051049257311614582510261923009855952391663254096,0.99999963761202078561119729731249387508534786151065060077655270253392331759021914620645999972356288813540617834610056026083356592536930247614939058824364450966673842090874639080942884822662243582428991778219489934077138646509499623889100404167692466712570400402101132132937666800320278271880296804715957988909813861006668698741013267145109597293822095357121814521692497436206580609555841737150862538745511171210305185870878126,0.000000092077772129557388622134122663606509461893454001624235816288293546340543318557681235506377696563521863023146119198325927702450935753561240842961911677122141826981336942237651501913114131850897036702833266734116237902039971739723350167528568165634246572976498183001299958052865759706924964294259130492528184288091818152813297557093143926210134490574158648786273984571726100588061239369221255241231758157041124963269537932773681,0.00000000000000086837694124765531746900176595670078643953645048642054081520058052020580628970552182810335406962231848958698726825481344348062242511365172170517120622276782567445270612558132235816851662234659996378112599295604343390558436940488767152917782223527634541741079748232641680628500259936925022516014849884984631429747269733993585297030588443917390551903297869373170639841479056056783622868344868796837778676465438225456838695943212,0.00000027031020708483141408055338346130814267659589539759921148117778313606923753523585876477005941530107195863075332054084050637217976177028936856879444381321111975210991666695291964986026343232481304551497183392511237563286503202138564579079450716724004942300249049566932337394393145757427206765858128961837367710184149485977656977145576010085164455585462320599680104106620809331638034325927011937131313013085582317802168080869278,0.00000000000000000000000071871344402925472629985326479107533509193011220136441141970095464317820508660524097868406611376606963296228828924788712634413636265825548768681086188252671162902376615749789648824083632544226714336995226208213637143906340975991979698138650937389916652117601338988943018700595152851562161568750441811306757507927936795607018749439060989984288102046261034117413308396657809873925827411949958069989131300485857241440372108152602,0.99994456446926286614707939819097453891470388606818881436710873354611769976381602790279491174711938233447354845138139914983992820883550652601462979409397592425270937857337224187070365376375245186669144483250433651522404299610064803940596950114965218349356804170992242164996438506719708637564262641133831869139601217374292960051714642746985094337410977588241077377576911510327008394317317095421231834024894933945548579863344406
0.7777777777777778,0.7777777777777777,0.000000000000000018441160524021609461187672346177121750805044500613967816818766709741453346411832445121948689363187481902044063437951571968477468514200246179320308462686972227836920252284802229167071276500558364466963093514959338295979306673218140014956783468204110179396227506646787788328429381727805586709548297662730855033834410576155845380768436438754389311278317319127231689075410886587903283530312049114888410550275216622031234665172961,0.0000000000095395591799004239033031793942479761914465286934059820861560347725790829571652749297559466793590838680483231691293195967259792022923336288331895728170687986831476631245773889189716043694618106170624326704796009496555441219016665910938109844193964077169733174834199837691708046523144567314627040063014318461233833569656771864514046954987226859527721329202146307572328694687005840393247221921021694363461435967473705322513295749,0.0000000045351179856436451681370888287452263398468849415694804237681164723666397522198095551091875136598821724869134343543978382274586060185763660597006887995343126115236565345604843037686895992143018006857224695667278513431579144105000736179696351905655826116765014801327951717641802419730234064279837374448078520701712878466678298014686453087890443095174432628562031439278804806713421768743236504935756733653950694336399817536979151,0.00000000198666720197462119129808863927944268374444680719698171180704592496097185975120765561090001758777388521847992333071247387613686517700846106572376807312881644581901181683046012139094183070684250082708982961285408983573715406411496481593041856984784342935584175317889052947589772931912099948244651654576931868216653129816282807495484183680739607884005176917780937203800185772671625111461493343116717103979708795201608630287615,0.14245798943358097474785312328747105891052957793994500782601935416354508402725484139287643382575160888823545591948190995114219994169768747593221379489033525666955657367299687183326403841392838210649408938600262301611516780211713106637762034747058838160009666454663402313198372991773202211029294909626477543086811103749839863582859051977676369636004714802950430151900241417349607623988923105413145235328913284344787143667830486,0.85749512541440840645631965433550089049694431555484774936839831371624219981939775612974190094581120978512929580885008745052664337891822263854728501062236964241671341300439057365027992825298298063176637862068515741868198586017132485516600383633498754774107963009961223802500149052978783285895298757436687801118923516647388789162595069994672524387165778480298409186630871351189332159049248588777698069246774588069450173219973587,0.077307488225611532029480167245017986265811025673475255814906238312194168294598799268281671606695626562876295460767250717154227878847812860048097587649800290606695462581863281404102317991115348937289438762424106665281046877460760745183378577920483902749234347191599158901559236319075701907695942770403106914397755981429426205487731644552000391292451467822148337147376155395543426843639522124613128219665426184378166069698510064,0.00000000000000018537011345396758763935624346595389658844724280448714227874032747926791730435428827581404011636577485440696821793477776426201104770273657885136714265352102980628208898961171697207545608947601873181991918280838277552893722011286079942824331118140207545457499493374541141957631991629284223985850849500631845257600912225696889987758126702176425946553933390857256913185522457321837745388075132370268991424974523023845229375342657,0.000000000000000000070117474858656097076103806627539055452304725996086319975981416041069508807868487869531956128245467930983985037713612618043057520048921195411640317052881275878000132538665239125213364249186023315121817486437235233837212806732248595929053211469971796072216439405665102323609819316642605801774665217707513588707013262501516307682436866925102577575121580330488846369809854156522137190396857874053839453502970980168839251103394906,0.0000000000064803055409090106319673984554533646571728968630369349899030442337199172122768523808042747260349287320999810642009540563266199713679914362719565967757238147271355575689522030963442295057484533577004872082368316294102418633692721806802172250848564078220857451064677727575847120548602647114103071132765084112346676537534179561272023766280745435978774573531302061460343202179952282952955450356082655660622887952985584278408613988,0.000000000022627537408208079208676357167426940700275682181819339871652227392564437354847064797204196543518570059033909161891962505087055325681460907628920536522488055492046398773807223653704523342720953657180095866289714880005770736401324198855323358651417527375801512908746030667057192339879025919988394978835081589974548841470054143308152243600581845950903698826815701181005998643920726364447543306333088873996537632007341847601384989,0.00000000038470466228729094064441962000521298125044134704242119334995206258481528810988097502289644710264747524835374439889547408226326684096247637679611957248756227677606030518811098400101393880014792286325615383794305494718848333815685691997889905196157265007019618242456495597626864433452883824027783705166845737741008812565614100678343080502567713309299656692717604949880207557847968569052816968484921542482095595071924132287594071,0.0000000000000000067645061821943209597815139371548550780894241518821694424308288419751103211719971460086080756206320063724178996238326499050150151318556764328891936368909711508190243258044099616620559155708604930777386755725093959973076116100237165169688863595603413744444888708237022893161923130774976966437371664104010316538099858718640386299551823856982543240373048319074592988770626218507529593886348994914071914509781546939552595739480367,0.000000000061642458934954103031418833522509662390044437382327355375234076760909190028530829608363676458374542234700908509373483028704590221026097407634226172016122755224877159506782513805244219751258425423265136596855618095644760499799571083344959954134476954719036381796374557184377118250086460828756029194497491906874221711467491785223773553090379175135783630260410393749592705850943376136405746461445114578072503424408595476035137095,0.0000000000000038411469083049383657650165704108957806239992879525935717764056604431729283390418728102428234670796572549844600133784717493739530785475700947307836386115130005360314721804458948366462501112949035380916824405746383722570455647074008619530614467753187065086643846053878637511564511178820307323888896754733518979772898511650989177384228690040977791742214111248167999691180359918122576071066412457660651440381971069400194681517056,0.000000000077413420490069291389547227778941157552804368321997813087346416911984723480971793061712661284424615927206274852036220413492287315623862810940304807341985131982144370768366320553439653037118531027623065705335561303964918456632074713927908870287842904112012134243149976154523158627740045246914678594413516609387777692125016955010697695918960134770569376325658960803868384577066143587000199442893500781762830225300743657303096077,0.000000004610980148425770059199092400950770974289202110376017756328968923749885188756045374134428045823491937615957974276321673897982727071398328805093600494821050340654784611831455847194083490521816593967486093964783441973089596527308059054547270962121609039184829360017857104381876423998150302142813679971465689959377174337242328178646395977046027094324118984825589479243856353556984423968580749865070530821389296030451528978038345,0.000065599759673530900888740736038896395557335417037754259680326383857684271329780814952291652035004014197415833675985915362301102092620282716340401111174587305486625493577359743132002123075159816198673363009468117620637521365218541111201547801346087975565026829381217841695095161363918190686927676704764001351448885812183763464278391260152239604864483735974476338302652772763622167015633836056822223592340357010835477681299589211,0.00000000000000000000000087921692128435875214640009935487297400349080622329213687506426131750688241783837473009467919622092134329519848538740001329767462099777059216294556383539519766207052198328393576423458365049074807701190103078558408461816377710326963287752055268109742961456475657085702608303893007375911382966687687054332247626957996567164107223028632123408990580399075751198596678714850540902619726666667001090187497554209797070904362407811822,0.000000000012113255846412483870023595519816444323641870304104490581253833500257605124631443975564115609390095281143279068120413388011024027850346665512559028798415260573555620299699475428297598245855968034519205221351801020120001350323652149536161449940662554521695697363216295186537661957362810122226102411705883720537957038204408816353296444373018395429605994964570762732048255233171508332087446599351756830023393909876045258256342897,0.0000000000000000033344405851022141952090933038464776725260295905580787440283032118053793875980655359662361987753013067794528524795302354246180389983562206475110382214184304734010388558800442249458108147965450071976389183742836686255162040531561270163012715553780577109621247427437001321197905753520765388466090937861948565441786419076050528896583007078393316522191980717616920181327292054620479765978384523289245155200633458695345815711076468,0.00000000000021716964876937526000547103944753067564303519525740615052259487070058747944840726729651789816403791313425271839815462079192945916778376735223187659791086769936288352928341275179401471104685388468728556691338224234005341165988470519947608062311111780808300296703452638324615126610474217971800896380267273516285217571942297454515722649163134692598684004810567142569350675393858076423269997532102846322191266406848996865287991529,0.0000000000000000021920629620742708781955208869071808044515549963338799873983131296650657728590807988065293940667360566269154445325555002462401969720354054692984387797418704633567477670876838318638057076640014362408653806759933001008824681330563545468125997278782589116870419482138398392676884260489045925463108786404739872248746490925109262337387916922494869162457953251770877279799230497355458639116571829442020785046216376764758597090515924,0.000000000000093522874456254544239532050337348278019585402595332477471389278530880781269626625148305720080750426137836304935117489806097048867561189695477902496485070325978012514920187970615781485457974346385597359877428563106310360262087741784307365047759716920377874250386574391223399933370152338587343090893803032260072627861875556676124254801423999456123700244025410773282644713669874112604046017657688581110507635671045624886933301128,0.99993439501967228008084743669434251433148899640213956140390227352476025022673710922646245850071527953456597827332979344679963924935780300399019749928546963747712939401630010362940978642040533558274461822029948711019493765296115009553869184522242769491406589560797016215061018784276127323044836511949284943861581928487093595197180789864118288574232621885171515083931478599633452518804906721276484623327914930761262650948957079,0.000000000040631795902956476206004051280729789696990760791077955136994161267999953506084346093076452318059816906494477992414328306271123842130389848747669643848753298803538030561118057000365690393988059939480653692793954044836941139036181545340002207785834241868854634366351894389031370539491434864065590304669737612235004242309657667467387568135080465076783144057617411272850307951384886776933409276709170815329584172278954598281744731,0.000000000000000016777565767855273302709431475059068569191341312948480537216215397384278747468938186035868269913134047093684241629197437774227695652117475979327575222522364426027779987736777626282133750147133139973636484920606879592908012076403116671235438937092709201191115343792954490557811969691582655581718383858122781697822491797203785904548466448896826425678581754482628562040878913870563824100728088997793673377819682186256238150277847,0.00000000000000000000000000040506491447651234610482793092517546997720154628906473051966128699794690429276871751514412557058643614279489506163466933142850842336522633102498456662055067240009625378672014050145730832135971060380622337954475735074115453302863388075763639935618404032340065420936760739017525230032225360343634771879705658867588435047286422430646830049021414307651884677153428016260087512637086911011394806085175672793830388301251658344307757,0.99986062228338029194608931092744080894808400797768187999510083749078939835982462874240886565050653524032465233678027481621945135206997616678497436130773820720919973682508891117979954564582234940274622920033082601712162009774436759369841998242019207916256870548788427831227704143177426318325898084179778880098680693331060570764123357849829085827161848199730634557631015558418783811383810830077511328074208279668666242046984177,0.00013910744398989911282742090270606523709943283963878223686570400385829767220006217868705381763603310795708382454763064515449879160200776416902382109298257607583961436865549424757322776557944947388539064920417357075455951305035829650852090843987676798572662810197608263260749225916044279651510545435717675672523276033863628112942488953883613727785230075147358922129651838013783534166079686473451943430044311586547834098547569999,0.000046878620685853556499915016937941985936760545307214540669713844926467234389997807745833166761258277671417335038839842047461541111067519165871926029402476113223694609824312164013966969683373804062143362879123248178210694201593185960364117982419310869217788400327008651681587896443580757865818959669801851515753534835655936914713141245773837904695554102855130382144406464263705227448384441924977307086058319430915298443304058361,0.00000027027262980894108326816985312581481655918267933776803345850535230396797530907890408053185743165171826383867209453862604985632801606904600181759927921671496064880625559457262722658859820112336838015046500041212382038920527410979305910913993115285170466641013963905511546630906529402022591370384503444228796030635075801122934153196287300445052921725122006520239332603567432654450109483449036728495747408744785923854468252644999,0.0000000000037458560027521379715490653225656954168609125204268144746664791737338132289265510738144600922689099894272663048598438057405255360743497301067864157864011715995430522730614124258054351345153139804179412230929480974076721788380068452435433266209514567813660565135644905228547258930328025183620271578194472119787763139428104579480591258407045815877309088924159702878653864362155875058886695486729627176664120150937236025965112907,0.92269251177438846797051983275498201373418897432652474418509376168780583170540120073171832839330437343712370453923274928284577212115218713995190241235019970939330453741813671859589768200888465106271056123757589333471895312253923925481662142207951609725076565280840084109844076368092429809230405722959689308560224401857057379451226835544799960870754853217785166285262384460445657315636047787538687178033457381562183393030148994
0.7777777777777778,0.7777777777777777,0.000000000000000000000000000049938714509366759443893340824762247795020657805755633295000074129648853521720459257404774048409781345074589267470466476158701843262620045747774476061983209064953979588924437857159421949625689704415922832810583311045457327491699638365414773762494845903457222656304178154952153038648025484033749183012551976416683610242532052889377462855784734156649002182810778577725419144098043351004753374305618362785609097158330821306792641,0.000000000000000000000025838884009008083998796736553651917846187836140505197514978393065837087036107524358574501934615939360043263159026189782855161719651502921400577361029978299525021805722720503227371856244204090106085243326398544495255265865867664888748266981166811750563154703566030423456532907495963226998597576057001545369175953297490664946976654807071006597041444520683190513724452247031821122385665549823746220408163015405667944732030300677,0.0000000000000000000000081279636911187462304394350865758285550034326544580543611489682985765444411071261951882668801322898049182138607806825753969659651721399341681756579832078392935536655960422986023435276091792503609558998007669470318419156965315288079040121114023738775341603884091272271633267968095018570397391652588894234587151766147586509534056814219388885845908197172232304656985514951590568947985245213187005502133030190555790886723682686922,0.0000000000000000000053810938669452181226272077094913885247222587510426747940491653808349601086975108559574612279596820316661061191718000797420184688025573578256869818941868730414484828800072267255294785927738404194970040483228618442708976948106841851861828591095205532309233820371110034191119492660448282555346847264974186930986528847919950584166692705617995106683657508525162474023560509023421232854627194740217331175161801120297136119719106497,0.00000000000038586221812916266925841558892417564476989857206530394924513364538875964840747641803357343705191590978600302438727969434355806090568960420357834534659682734635437660032045194875539418041299494956656186085075424605956761995960758325136681996879162083368724168118511057181447408584640441068417173437689275264073238793962563215269031176952348618841144505492624404384777179155459187342674824008504836528466348003717763706182963383,0.00000000000000153716738031526309494715728656552808887004045209740442782109034392515050323076036060257682389178738032143020869871253868643164196953185868274821988583489644609565647819020052462507674557090073738464329723864612242064507192297652868431729184571323167649822790243580244673215801273107459638554704699560289260551188850783186609571542812257620847644161071490414755354765183221653316413450704256689069037296524994526654020752823,0.99216277319597351386526262133691642417141046455434184082284993111228972708417123748958314109375251215635875378432024827892918101965904492773655245335517190219102972724798644583765580407554495590393100044723647320268541883404427042265004571089340479233692338452238345911102718269655633659341779056064686046669944105211878380104616584702311567617652147101252538677475045341073459159816628597756738352093691116777356659352387856,0.00000000000000000000000000000000011786845392574019260030879823512288394403530987135931131847452071061711378015804964046624566890825047296403672376076736793954010787060384780894721553102392738596903229712723652108683219872269947203422449696849470411360658980423707613617898599365661268521733903350879342636104075146420776882687747869849848736722847323446264105229743695917983985469149482721347653396405882395456967557215206734502409511152460189048813420948367,0.00000000000000000000000000015379845623360102859166858764194831317252488732810523337195745258201783200774496944490849642214638781594607388541476625041231263363123678624713350209537390586396288397959306312948201541849398534798661259566132107291297028102640210212094213119921162619347297705743983133619738314571439340532158806381693410830958181462803759767219766302465078871417947261218435088367166765291243261938179478059829196057685512649386623244427173,0.0000000000000000000000094073054570951537180884679663496001341743229550342924106844867343179946365626849850880531051632934843467542038250717808115142224122160215739416139511750001906383497031489776143934669232486346927862017886644991188552377058583408577639662040356920142444385888413146133570085111015993271258516453825680939792536305250612341703593715934995869935290556586047273417868757058550910487221643865546254160154315937134860442044407947677,0.000000000000000000000000021739577956490752427942034580271633016787273995575771810619165818941664123380824516696224246417802857734132750244942151327625671699091138297463929164427280460942176259226393578044183985297879131187447807172055389679539613960902678225228092385309143406139953303139708774628660124311289352437885847156703378472633127939935400634846787273331337586423528162198702999205538783304651393096059279328349113566227687253744474417530678,0.00000000000000000000000000024461625942246223752028410025988068486192262966344370110420794261493359167510783343928950968187149945167579448538500747900812399859886055334121069660890067131714609441370331030225605604189200513004867701996940549366721962907619843473300501470006549523672091365961585968628564571535370127688515884191094328211910033299389609095309317553718336314515923527915753848123758218111691625848735625494971072306701180024566739361379746,0.00000000000000005118346041340092503873248184578384301816005601747568892375557176904322751404428356482864096127244454642706539384353014473782709107488009290618514825634392864004308616672742326218919682171403531621279709809812202992252730394900398652591163037262109077495898897231372084265816185737397668523468270318831160808824551195331441602455052985083054470952917252671383775224815173981251327537304124497288104061862509547192797514070163,0.000000000000000000000000000039195645918662165172876231315318610560176731181729300957778639367544454269368207569439383034813767983073548974317766008943882650609427021483630728292875185627124226704622670508868887218871181659303778733555377739847829114720206616858372477277908157687228857304513392056167049150568618010370750817829601782282124254417596052306093628372139443216269715307642272947678225050735699268467554632676626128864066620533245132783552387,0.0000000000000000000000084253242983241650716349770509016756845121100890276045830078989521006925128505405877555052464404515627073359029693935742515764415785899433301333679832530531340705063851194770230227629545962758361452447348530058031842705138457544617775724078190166962041268610661563594831855218737729788758832766412074889173187020008893262366289851078376230952040142630170057004239249443190428954488860639255443222236611500505345883682919036011,0.00000000000000000000011237922169430227412070900367667542125023602178842179963296606479522602792316409292288193358408186752794668248005778255528094921419109064126560322052996884079347999019318804794599245015348860606821835208726215531115103149234002436417235624424371767751071054455659623399423678595699898075967528479348582255305313520874117766074789407830471916288798701340850877152802694555532739896075176000551275245715217892319762855635551287,0.0000000000000000000066936502359360212951440538825734269963131595554642163577942352194040911296174328164935546639617559605210274758566732601851037051899984985850405799185841275702011073075367342440142691800614924714468523588592550608264820760005353678570823249316301581575097584493757891387879960667766263618314828377600024719850981274078787259339934203531244984675612180713927500326643977295396435722570181097104858311811594456854339598590274343,0.000000000000000000063025465989616154563153013589028515051213073067897151376549991615615690624063546464890685631210487221303832300148265659933449009863728528468893690412362296492726400690796437562998699268789273456004066337230733016011040299440948507329632596610997866382880235128734054772805788988692227320634907752367418139348514543664886312097391883329558030970143940833380834554328201744578636516012139385769157343080465770878082986806400267,0.000000000000000000010051839142093247049317050485401680835225506404429145956332999293214913320742915868289038203351552603616232857591194786344174463751561805553035668887954775487248831303173979361315793541779186945974344173776365756573447110261658703400003034928098807331106093541629371075823333943968995547378415894170569750932528489994247006948462368378326066765755238375452106121267283648999671494379558027185586217167888281782776180162724411,0.000000000000000000000000011637902305907870454397538707763715156925241696560753650994735720390717624147245101528154217585935270583639834917815539159639244004723386941538922393703723514374971022959509869798987468394755445782586675400781190248875821609818471358429698600213175857750974302894097468762825962566972907144539910825981828898090278998890596195584537536239216129355885414115406204050094145578072605521435729835678580661471045023343070203471358,0.000000000000000000000000000004840528106980499088450021188499331050228475859748274479903767239984911225326891592274378278788143556186716753934387761666916849128593347708191795801866547333353104102059814909196013095772920391362356622882878616655120891372193327936880941519357635444170209635584035727416194453823110449449224347059930773766047989045064637533664135472273193379744608889153843777481289090862219168382427677675923899902761101149173937333465237,0.00000000000000000000000000020864738499970151530838104711859671796228397571033925011038679404396816010888339948473480067280679277855399390631267100132512696466375986944927560731917250912644946001821320824560798905622147824980461447149278644058333900162997448320178787441509421543003863762567733467424793044847504526637542215213783177325104139536586941382043206658050550507155207569897988882096634717242701658368964280835180226737544585176273616194537837,0.0000000000000000000000000000000000013938334903794185143002323161969921352913507184879811276226837652245887547902366292040693003286145156118498790344041656221513496633423896361721413714298277202063852579677179949347041657694026467685230153414119507469970011690302522245144326494034035873237774154106981289666778895031937834432383734521174065602323275424881176428010413080459116824632255174370630727461737047586872021622835434580360306964025225887762138204332801,0.000000000000000000000000000000059453767781658057442704095981485538055032813248450730758843253412492378058815831720807715780991371948972269666085900501356351073202998861164664112152824862271402450811076581229271882430915609538681395015593859200868760220103195756524032806088865938055617018585294417068774323620303939537354568227712796987333723340739099775058785431430870610484017343990323815359484615876938019687312869428023479981167809128286167422208710919,0.0000033140050188822884778659229297483666821949998300326926974529664847463130014435847025188079317503522449751911998821023784043822210986664343507281017747503137208049959572155994302190353235680548446984236457953039193653916132223008196338978857477893528684833110035373142689010365607942039453991280915617051466754067661825001572457048905987622765654765935298509371360920076259655678433443582264602135644031641220640278007246713385,0.00000000000020347151502046176759929406707883277824568954823736214914455815340460306763728719802221647599313118858173022456611539977422707940144861039178897922655713275792491390443066512903822495170976611112028557069548701775850299627951807392768319692224294937970331036239362049043827299615490930486251543280393409362523009783178340010276998932884796683679389698779449706658137891228924569871069767717453418821946952527810388577834074141,0.999996685994761607478430864725270993971371459655728786386767861768111554837074409759776099376018730673906860351627234666498107957980108219919195156950759795607056591590344382685634238756488415010186254750105910327794193651817652049957583244477512283768434858307584086325961324613149748372587448879437985919783070050888538792744086107115105441630643875463899951899144165286279530352517594476894034093212241614667060619991163,0.000000000000015975040109140212373617225458503907529242579212341495440709099658690627559721184616413895661931976293433983104553967918194415065587284555886927392182822997795201628265755369007510336688399866441192184088838585487438298486729075382364060523708205336767020513395607417006204858374762852296188548285439720854656640390518828084189665299676121402231558066822701799195143126769713500314670523195833451448484232388712681804961111514,0.00000070976281228961591563136128382260503461886091154475708909570481017597504795557024198562860722746059301160624824096705858399522267255636379794010078453387638944009131702182117201870011837918570258989579047386331316789363246731797677480087397484757866074599113066602307028680720021277276357190778187104960613108156089668962795491260009402134423271364147386062351715535636487981926416121864317852214086636499175148976642553533562,0.0000001491707789414343585012690350756762830030801801031284194912121661515584125331425244290358174452279953801874797967146202171194659542519161293480732256983402030460346372039079213393121356881042430422916373970721348527715295825537730061905403731671108905433960988864594723755667269358904442600444358892563979442434580338308553303152898622117185239443373493633916750553263589736868002151847364195164827619195846986892415189576596,0.99999999999961260060907546130306257779156605550211627429159690083146874941258638916388984495178224495789250904865447123616317265185155928788160379129165606248964155709622499250095109043444001162655780231590940778626227221195206156635989125280140815636482788936713174746939691059319541003010487738941699634035506469261960325523277054486028598824277027792292524462857610256152700999202335837115069680612743184785603029226961259,0.99999914106640876894972586736968110171868237805890835211449141308302367246653951128723358533557532731141160820627196231832119888531137319172007271182598976778340751387404577427090664198774593271005436781257212906455197933483795012825021900858565198531044871061277044751745733762607285133679216804778223969399592467498106947951671477211004376693724334202117677598480778931727614649393562359662040196137637171542354982099205551,0.000000000000000012414600052723168053026303210270838586788604434484923006434184937122193095068183186271120865494361581718110650530370566913304278242142057198851131423852988052214155904933720851756137741849224011582829176736542698724123616272718081335880864562184394194132072308134289763840185632434604223199155887950671723069131073339636685957788152286589726548037633415768670058670491884801926317837143475626662993171646758383132881028858709,0.0078372268040264861347373786630835758285895354456581591771500688877102729158287625104168589062474878436412462156797517210708189803409550722634475466448280978089702727520135541623441959244550440960689995527635267973145811659557295773499542891065952076630766154776165408889728173034436634065822094393531395333005589478812161989538341529768843238234785289874746132252495465892654084018337140224326164790630888322264334064761214396
0.7777777777777778,0.7777777777777777,0.000000000000052654507857058406715682196465085472598008787607246987560293353109206095709468465513089869347614486630111179704379588069183744417778737694272880785479224534326870488968760307349781074163420773521748840745808439123243006367054789328459568461315070479763643265070521250807410019783194015724946618224139662745990568208771757252397455692030076661360172893599114707588121998483989790883997498158399693282857316986226373815151351425,0.00000002724406774256770973200065262375971954021017047163908281064537448659226282708650241975019127562092950228931089519339049592940133439450858908762075323668965628288492795978749074407781432005931082413182544379100891222758925107302093064363450402780804959787481199555663133192854827673726761278111579584170963087566452829973067903172359881025157001802627967924401650325773309770466062715639233471786639365989515863081164667041181,0.99999428513453003748083121164061386543697819218451933086786088269849865047803154474692418051221805943561999692485094961636084668105542166197311859340021525878350533666891151802052917604084803979096311564189613644165032883602411968603124743791145819313859793051648251178402657249203770865442616228570628507437217954634660765078725659284505877287650145515960705220834986967702674129488942108651846476021194511303951898327918383,0.0000056737313341033501310926387523125970713236240939691927951788067166309413308059109718196719531983705177691822530635312259372140218974260449950268263476679048319812864615465448914956490160497815384408831117131311304227988532884961223665595787568339999480822061151111450532029755624760889615352263306461468301815489949566910998358220508405017213869418332562253968493797593359556018232785863607275086459517204599028816021059535162,0.000000000000029881013756829725201918869552059869929813637715527466732843130877506115920914995362766135042988734944456418756833790095139631988482911994164387619954573669768297197336807107023186024034900200963273361468218159475104160355997413936636677531015247816484280942477913802672148789830495200392890633354166455718866290089435119979946006875116272798572953561763196389543724571397607822610837171023108739268863661481225631495900794795,0.00000001388998558107971402684527421677899006250532911952926499697737394967702644533588874968827197184915695253778033864334656308359338159799195148519587525332205499024713773407576889872082386199809327542275841867044589225484963725488477712274188675266247243091373159485448660358868534845387611772950164919064804862467222217682279077268697951972235326245259618176469690434227455008468582479187454825517766954260269470186384157196206,0.0000010849318966598702808738204212242087892467373620576418371073349799061114012815759840387838640516948602472466896611189741760437519545404587721490321011399361839460662459696397654927745009510002777393267208659881846329777024437685676751448576408037942024826779703870354675718450316789855221476468501382508631341932848911448673345948982875726418106353821756752794694553479771791569023298161190363212566827714405646985468345145607,0.00000000000048425950412352353631996284346789722160163009382273993084049257812778378435971123034024177572003563340327630799609162918999698756559101212967002818802678955083109496363009131787889211714608991976446448713018010659565006494453178672038161121279303189094537301839434239269625438804149128223736094916321948456663154523988814533606235146021196208402281109660655117856880129963709235309702127017886593526979452430595139043960740937,0.00000000000000000000000000000039772221554065485419161783210452196612908586533907942310194679101515103968367503347063149158349671160392094933932112327658523437717076793646169446737228631193559003916387273903787268703977156593571941471394283189731725079299293092189109784140693356059240678646944466664725639443530714141874719775819420476170322618506009423011304946473867073080517373184769080493471978217361601306695260601131162645614414745146531789167154472,0.0000000000000000028386423891907652986324693681452988111511121056310159611513177719015924255789312201928353545107356068853912495857654398302513251075898041079451943452933039483210020982158097661500523210561496269195194256099459518593033263598170868101311249563004399332990503524810642537688048593255143719244827494659312202956389360148730711047945332170939821787887080141135061408076328267367619061589339189786454275808492427995905915126932833,0.00000000000076544521157806391091583855141056655939540181202911876893469343531214783524180260041099879279340526432092944249315401938714307526706803704482602978897088950600009919173833396887600061346218157546385363464293716541772280221164197609065040459854424941495975777501105371573349477944647571709944695633193438951044708865822529793496727159667699381628711135771474621613650833201062565878317161397329904893212365041909984483468327754,0.0000010049995952530641899918219077019292894298366939200175221260063930957256145117513924229070394800393907644915562819921820703771435200750962344143208086258341089882799748621770464907635298654335582777484993942566873915209643204641498022936540524928939167084510004775745683034700153892357181007067470961425523543646776539212108360130125103478601370596255994980830539556542065379258363982448141549366472066594100854404101675663588,0.0000000000000000000000000011343313997289368439596391601964400902973040559707909335845222969186778191716345484080933394159274359122643834674164716839280458207894161888560541055416680191920159138600440740040527138514146793747208426737283338878347640039060303391744789470357861875386354089646828804350379673898176016846012505471526908729688503681933442965636311653630295833280042055911249121549969144359958800583401204426914035536310731102752529246636124,0.000000000000000000000011827236022458566039031386216788089898033001286931109662301942325406451129620075834006989969802235281838611985405328017256087221934428820311710385661689288440579102325280253090975297844525409308193080809941766534999984601796192148256396475382757336239458919809952518514161920100838739455504817283436673840768810608869426281291783430497958651264332772832600241655764556016387565513743002584170991270484103985608407369977817552,0.000000000000000000000000021787856189455702061825332976898103153549619090857353692004007385215092185471271442948993740422092932931973975084318515124813643056010452257057514116937428309217306712952794120486627967057121454059427531344997706897273377930774401693385598639122376007773042690505381013803392330838854812099204375795615113420980975384626840888856880417755408680293050290348945936926719912099222764607919805604386528976647992291570649635704714,0.000000000000000033910286406732438119792124532666218329051169622333145628827871763207937604266748516744473192861352142521961401860076043426085996559715504350683829733846663243446306372842825700909464662660213823534329109136541094164893994108153872331132554441169961166132133153465327716515581644739992991004261119923972352419265654150895045044567225996666449936668267550085454243153973541739167136108787530894901334432640178396037248313321658,0.0000000000000020198003971279586571253430935378271485545536823849212001550243584331333518752941812409771621123028881389781736148943471918260543718512956773574944674537443339882182911145376775577769256989104568946478928575655127241549476777910909232103675597384482769535375688906190346949214054224272644967105806660747544257959193763964448159132925368954624788327884941484096295412830975756991460269420891176655416103897107024675536086591453,0.0000022191112102442736670926608342393825941553672745583309248514062816139283174138039333546785817154583848827767832932325376447569122478582596781331106593445808707469486924043034210844326073616934679954030823829425620363032131759510563551324143970110129379929141756601410412562027767649305446744511939152310945699378462121751831489423770513034007631183741564404264563485250791668075060869776102255022900750635437819576700996349684,0.0000000000000000000000000000000000000019091421921837715739021031414823137128510090197387447267903196902329377255426962223867559147237644559949711510439609930174331607494667569916331083467142839217364582794197736448446187376711787982637266375276847092064767884994292850402824851995516559421967967653831655101375673035834719574797500241853691403112782210512655763188816709687437845858550313896029975778172416646426645434865821912681590011816408413417498761710474099,0.000000000000000000000000000030095570545396238482178531553753997277487137201027052832326606227727104010589149197387654282540634520965060576055197510528343169838600203937650395531838507706765117975415197243731581233552448004335528094568613262556341203726130512625956891537348032078628664272187162126483741141088532929636463580279917506682950439009393004059974818129957001813283123257967522359029881647435775646794846033971511952918181131516608248092276707,0.0000000000000000000000014606231649659979072157016262809427747592700432817848030097881407432564701304379118688544239551500614361149320896646873597870555743848818073222565199659545123781483558540291403013835543883198641804508510184457720728016549042456676313796299547186382972849604171161692273157938560740449438058980901836027016407813460155687697568913792942894404492588146683407959460410498023912128730098561929923803723519520688139345589012339395,0.0000000000000073464232873307857028345102415343483014882772158820298210426053323291094366541582489370344825985732418355325121887372333303576047058201303495001736684523216909371398336085679474349312683888219609507801666484411228377525008974611150405524512910628345852215346081298556196388867417440499203456097159998839483400982454230470197063697499319037847079585289697668619843020729101395369947676803542577788939633640242260684103902213409,0.0000000000000057265289600485596043178656394415727310015859315424703944261459932655113969705946502401902336827350818757451530912120868466834694153667269837974442653648989953872707962332449291717719733194749023612966960408602936882216685830871089707238686918600965411998021763396896312734078212779769597067490533715956303170405617903368535878903524711943678358924001120602454284552629651019180683548392672247619922847161545184808996464994069,0.00000000024426427212119037760875039731469124419344439963958354939955698225176204511990911465072735988954613579643001377171315950778858310074472090614981623976656328778387397988059793679320904344765793097683158073150625729492013594878812189967630757415454100417343340214624755564133242908230627660023918637428007886957129377657017317778777426975755972178222631518824717015618672275487884050980056872376711250566886014025606550206521158,0.99999677564366487014711006413085741267758027309030984106495692108241149825199616784789337011654695011543884892413962019935320475149139707381700900143335259345054484866929718002751646089281798742741664795801933848924276725252287206201930553712610574911750956230890163776301981740110912041380684978710911677863355489513334592244760323667736074739709816353550090991650166953139917856625378072900491291077334424477888468554707761,0.00000000000000052617655427201624520326054601979378438716520194008062260886195584124843391598743606627454861338003080753803515234937923786188737242127190382142203792886728287240594604074812241326007713857777487893152619056970217992299773717410987774055509487440366183391592047527568004669515446512020153710650423098142866875745344215766032629253544787679661035704042896482429874886057959451122172700538509543658135264962036188716266094672643,0.000000000000000000000000000000000013949420889674074748710833239132584025664957339005112436182214293583321028919271602343057642459817044282637431717209157258145161848286171631192039504183130190208151693669645394903312065120043478935891038559158115659089851329686278758464079915030885055239317366162644979436662853593134866419842908293472791831697819675682624075280805889728260827305691500133649095444753967254141062218082642023979085955172147102713244767587897,0.000000000000000000000000000000000000000026002621767538800334957629935670171914550349947158757379163548635175280023077222952323263903991430147731629134754150070274829797022546908756916309888373830131961324714675647974229317565180884949824040426411773912676926327541225760937289601564104793525135779595004481793451047044186136334531163693392308859772269342148482808597845331317237350532612548112082070785488571168123050288198011974174825831935773352654387678082933788,0.99999999809535850095193101427203071878108540910612812573968228360394326614577083413315777055817096244999289056864258066130959383717974824781363286233034826886973800100013450456492748084816876256164902093144261137237835086987363204938204899132743096465251614655077383835242856617312873073367342135563318338715258735157227585235973138960400996404230135859734014363411108055886918336582052518445268871157983856135903518340033868,0.0000000018011627292346254882192914797305380016283971143536100251352551130365645056739345379899974410327178467552567002626524969032187184854964819734966673334493056597478781490527754140117029413675313474683930549295504927921956527495016650431999560106973027350128685109439061351921222828097479182843638056487250774156430921625755706149596032306848753062274312107717325466714054043300428085413512290259424651731075013314773014186024894,0.000000000000000000000000048742789380361223736133359286345673356417743145827361664708082446916489638719385175844230185417214943713763641543075084157268371314894517610708466073885014118097124761271896022945923265763550417284085356323217626032868297946398601640192610862452253853961686631255854882761227786494861653285856828323261230903461178932861041973068327734930725031866497808744059250765359090088916531531451003823975769971887881742446906234374257,0.0000000001034787698134434975086778014883765892654747599067076912608016208176646601929076914518315965172892626761007190760379092596015332666898851641729843976809563392519873463822971051401282960708196316001643336980711563379307152011162859654726130246501811184363576507036652986347489864565786603600030109641223352327846319850646979954363868052728233351752286455941563727697254123041366662741960822624776962655334634851223599018282941,0.00000000000000000000000000027513322743597391868058626265870236067351020887334155779589805340966124548587653939285967906661347987702938660528225555486864570727682288102653709984018452515533148739786069248825155659366651846188722627109776648999162081927899222086660506258350673512685186778312544036237907048615671361903210925259998800442680339930084877201371192450330612041715606966315138346266564447098146435098975859783129396325380862931121905189112728,0.99999891506810334012971912617957877579121075326263794235816289266502009388859871842401596121613594830513975275331033888102582395624804545954122785096789886006381605393375403036023450722549904899972226067327913401181536702229755623143232485514235919620579751732202961296453242815496832101447785235314986174913686580671510885513266540510171242735818936461782432472053054465202282084309767018388096367874331722855943530145316549
0.7777777777777778,0.7777777777777777,0.0000000000000000029395437930001996550835745936221453508379978438321327878081405176540970143411446858268404288265624813707029553856186342833597171213452852000320550234062146613752519082931771916858995912621871315964434465616346214159457059893521317911545866137507871146344790998658988732442965310115222747790885498729052778326083665399507905909912629112082648800983866823113480148926165976797703108005095715234057923436937572105533047267283757,0.0000000000015206175304806180791548851569008078531351495041735025756076610218645450752872444846600453083520311646003428116443307948159772536137597848522494992246075282819926771964082348069142962147497727669231959018095733353428442238497487619655324186121820618523082059105015519201444702880324587266558240060699844343052271144938846787974386559783957340777987154201841674600944581219180414809011300582505727769622839823881519597688016298,0.0000000051675530658517193534346728575911795557488338945954988186939529454985545351045968525196859945423786550542868954820931390435440159059516230285982887695562911688679179658628342149494490286443645359686496241720653399071259751747711389464714992577567100377329937650039133730478717109133585418374334241325810549440827373550732728635230312042829547587617727485147587392494164540380609027165662227493222818045680991836919853014534535,0.00000000031667720882937291930396710442129394189570497909319705579863215990464814580303186965050228575272742241624530272708732320860929829186510868009791024241385961599392521953123110123478372707512045905128274329176587045473927211935476705987855662253353414988616549109857920490387944635647811910456489325759792583283463138438354558625780867120499461382879203938059804153063698428057951615190297994593799827149266229019225741180348297,0.022707979688007665161222878731810137402330354853686198768416163459051157859049097622055873972637568100704698329471096978100182694513972005944608817494298040464056269479851535111342812148908346211005393034147165078707482198354326270516000485118633028015435729917422699891494661516772236163542079513397814880227445529313538447931251787208045192068648569109645164711468734352965163916671041700418828735060634191434940567293835103,0.97729201442606593806498227138604686451040345186840739367435184744455096130895830391770622038368239672066132045735388061198420671551957303322802678992171117885358868931408432787151210540545851093151624898393719990125626064611465808784088618838980182342586417563459880288504729118064613473781373515838992175086427037599878893127163428745787246809143521588658041130865615013994315846536599279280678085774339959796643316792839347,0.011582544292485979906854957349240281802422257539767579663991423319869169155222871858564319545598667717710611190885594089129608601375082764550109109028394962579494305097044325824819262990769435403922741573433769543164505226280231700669498466048946361815756720396448539708119883203415633387967054507435658633742369216324331476923335605901382480135843838594335128857317827445869872975684133703896895394622329605155079756769912851,0.0000000000004729250836822966994338873929015281780491004498429532163658851505056176212187709396579660952835397547772564899031517267831968339670629728742159623931421229183350271552098683634726647774226684205708862407177755734472188349517756989847818886271121881426735360610771008121970399359701429090629319301080820998966803665742713452325689884380107694322208252226588578194338369015062200963075050777477417669563879834462837444025979819,0.00000000000000000048963060952175065533459907175870982550084473869394872674492328863402849001141279910535462208614114398835322430609788831782769293694833635924405154560007351413461840926674753751627981218998685051146238151866411964470521251742679555291126829759293444619014142456124732309104538720266535001522187819249284713135175186487045279300396956819154442295158841542815246187430879083203124560925755010587899665260601579889393587946317827,0.00000000032347628310537489198688748419047414635596092231001715314140428539286793081322211739959088156092667032866959454637745005308889218247900083386627511329776165912713665223677800983578150846626729466649589742884963723406259178065516237061497291971911398992148900100829798542872828232973481683673772444736535307309549735215097600073170716030429122193859154459979600723001887576023711069399179425668306852612097227775400944292977686,0.0000000080740032773569656327066540605800485195505289550237218719349973564637884873740781228295725574134947516307995391191739223238248403779169890682805284832820855997027953843569447129030053020824091255805608758363785837362263654707661520378735977500419401605544185144540856334524196977311125696402835930718536331053381869257153332677079874905532140534764009558668985851792947144630730946201777325091110371042842349734506821558626668,0.00000098147690161697180343412885844590930739592387891165971147033554180765895979711215299725516080939179714199438285130643157265238959560665599440952657460043922591734695760341925400511875881005160531759526836190792260052886764120733573843961345234213234010595444009195917970466589988750063507555607057767267155584332031054066145691718786116852551423724029224890400800507614480875810440579133859603697423249298267792765398017220594,0.00000000000000000012926225099408763279014389944141574805448328850997560818036047838664612525697795998673601916039323507131557082434108585641787051294049272943801868768593384036729948740835845192928102836886099093347013126355137515937321286460271041408004635281982618771520937749624006496007132500214064302749734127662898582457499367477353554765956498595415593412903294619981218262102992246440453103575210154341887862612423252466796426289710297,0.00000015726518426841769650126938227064469474283330931693709115269098389954501821566810409437064525600323674948894210118364917045688652594198357012698955346424415772669286626377543853397903985964280048549933059769339925423702987258947641562562187200462183091318738530508808677839786301067956008279184549525943812668360520499794987056889668507335652029315406276501133580198182863869714599876359882556155261412934171368978015125581672,0.000000000000026816795176764648041278921174343641359896352603693695561458699220843855731255969283535921099654662285169437036198082684772511292163372371666849414517569905756049871085081485756546341445606675839751631063164801450352724612705585678696855785538270713542089443805386726085379709566447972464775793317629070565483486811829670476232629294421924543562707532180545173089704061434665186197642143114931431363604807342232433313665199419,0.0000000038642322286378567347428409998336446478174186673371798327253814467386324347338487263588379001653399225280887105022420375083676462675129840233181939821315074968208185873899772564293502389060285698201487144302389648382820974220777965176070222032291755740754217386367967970159600400760121469624308816955474389332944007605959891467005501546384093324129990926992416576186203495907053620340783471552454309263754093138691347666413751,0.00000023016549304189376677289553237780897611241604604503808863897761860620135361236401784452145344543722492098453028361167226026750663864060259111526991928280352987363746720362028937569843448867933590766082255868400832139618779351219788101547207637927448931928659377810504749490612955440354709194378609567141190592181162707878580022853776678802810978836382757171187628587562762945545652182506081466750874621926970484556030622122864,0.023407437806545805001599931361516292238570410507853407489093017682607163282249958682877974728214003990282150713903216194001266242230713447317392790224706111259869979337474952862069064947563050969638095123105847103823773207290763048419408846582300960423968474531975858956516854468597949105631016420676356873636163067771137226661100046465370790706348060617550817440119955537941867792305717394951599401804801461363415191867479935,0.000000000000000000000000002350319943661980933269214570234457106271827617884789143216380562864951147099706976312428796707688097471164838386012570179841378865513825578366184460664934285891312436160702478189138954964913828131641809295126623380166637243117403537671472195870089066636067754458689348815156286658928813454022643311363718136108168139917236102733245612044336111227973472552497176890659303635297584220736321838236102856765639201211835691398232,0.0000000043222762441625739400736357325309890999955875671426949136473988841506954226706077179204881260347271118170050851377608321858996348303630574625997301082815483330457032363062080715857013019781160662085261302523167786066465410904383234672410341055380191793359959675662199199727230679892468192278255046503749007673222218429956149799838855939763960774197598314742285443722627488424712460195253895189096148485403001150137514935763527,0.00000000000000016644468997572545964427116129718430290464308078146921444079226133198147760096398784842773379086921901777947928156140378046203035039520523526042699847754436460850909826851533668755648718650191320763263784186994064658744411605135292387114589035589073923105578282909619433194759283346999480202686539636184895640536518170515646447362774771488708468419484195667157373712799166222178804953273473367943852015125725892344323035675388,0.000000000077508100554878165650551606398154000740376261956208618255043923974423332000786696421050563644738391141283719012800399985555474880142399594479705093583463013684875505511925653939925886637149549216904850976069328241214133117109628169528890951133054725079612096798224548603877467016690403905020411758469567610135825072475636175897282826728718527394317241913404790820751927808535333829431929418219843070138836081915680483844640117,0.0000000000000055924956858446031916787710514323513669348220020494606208552474617637771114587787053109757815091672992892793256807871531155044560653564960220015671860247588516452457738217021874365204970798823031339714257438592454517397825775428103281017686906084584622209493238375732332115489714435464709005429612130751110873611711755548202101771766914644902269015234411539259351087094180721641576469610521693776526696642659358960548217167604,0.00000000023854710201834823425077412785441272166755687137667556712680839352452092029322489894667444339016481138952668061226723922405579571720957698037055113735619429709014532806623560039442031626059440324693054898537593071352397330175682806036817170157768239720119490072203378485350506250269149122521095365288227848106670898470814990687866440027868291900025197701257647846251376040026962541245979584762657492238318590040633406830164312,0.97659117637611671900792875727735394169926450395678199945335933673845866241975593171821643626052892018023132095018673644724541602453086407442321164324518224759836549233604506306363656867435123543700333724708558474953190979717178351178940087577769732168830476040999132099253277236695018710091272787534775532000252690334719682762725000189924477379672438127340453565727258035587338761986682529950404612341560643904469046888150568,0.0000000000055514015028873375870364166697599525033308793212035290007315390356254720434451451827781433465685472386184259406391841518299401005731649952292131967393438565486737800618068258756930492489073406472566831923823859127791170844190913217716534582469854590880633794130998017777447095270842864696315878575934747097390544832093755431130584350838975671353119455952370260513251818006364145486508244300226967324155461410860653930883747058,0.000000000000000000000017172949324447244412051932339651745821949908112067900105944536785893558101558123138139052300344630269089706235462980909244202490082947011060568573460832853478985196728703777356938812252304356550820749546088439172437091604878860728724615651316324588109481483015928429195248939010091873153328870836014781285373485055890920378133498243057667663202923247074280668110810990753132300789123585958038350547727571331871512860660126095,0.0000000000000000000000000000000029631176763890460297234632368695061541925580693263540010231058890896448119590670565614133369073281138497687666899730733436909222250541662992679968343021940534194552652962358980412205695131990339750003823653422968848417318580120080040289651359870972920475080262176534340288019701657704741008291905261473328284655960687313416835594758476444344301354839626624795472379412362254525623689459285463646979349416533332578742308563196,0.9999805417508014891276067181732291557224334452652726849112502778036078931185295417244662043464054157195496396989738516000958198459722143464172159095926653659972304161279622505203744612417200421651457495189972988896188050689997690541670402358249480415497318474101182120419360184591623857480177765710707359579384695514556553101648904810013654196335821256234651898980685191375705974904246173656025115244142932679792026216738243,0.000019458145721754377553445039121092551877930530926502849650879977569983398865576353976910818985390532650577856318264795559836123327256102271739732974671553111333346820900117678067768002098505333598249667105322387944399473966217711725099284138276372977068045868896859830669445548591912978595292412187300878491113857293690587167082588076117893276157814744961812626400205575336259276348157584839522547565737067864098749361391082084,0.00000000040017550162267816606414849583431729415808703352636476819607232659878485482322492464768702374833544375148000001838786215737852922603715577769025706945554170465601361305141962316130889923734399893287294005795202689668830270772175256882384505850168723122572392057598481756478712829647853464803584719357076901055979893423804425680501321738230819712714604056594748495559576628478790747763374685317554183416978846481161954721374327,0.00000000010347675649483983678764975172568862420380081223909884221882212348260488192155688483460919374779978244470788360434434403070052955131104435743266308089143623705113763180155777075618145250125600081389737872243679545703401323410786048003677558547320010672098492812739453599224570127338693101674196316357041659125065410266802693092251668709026005963157299747553127528709314323322722504955796592801996966415669862896478461519646804,0.0000000000036584099301747485773641121366027989285818396885814670112431784544107461620360463560377340616212996621622415890320471298554473111403570543590925130519211251097811925311038105940210676054064122107992272968913305841962894380071471770026202724765627024244477854612034326080280024480130756347332513987292267282758284087746256321735832089313287807564471573768737273103211890109323604413840108359435719637735260530065828156803124733,0.98841745570751402009314504265075971819757774246023242033600857668013083084477712814143568045440133228228938880911440591087039139862491723544989089097160503742050569490295567417518073700923056459607725842656623045683549477371976829933050153395105363818424327960355146029188011679658436661203294549256434136625763078367566852307666439409861751986415616140566487114268217255413012702431586629610310460537767039484492024323008715
0.7777777777777778,0.7777777777777777,0.0000000000000024967224991817767125555315683310911709732986736018543730386250226516100704748324715166864593081346492020580349660491759090030581471767855479934950702261540740575430601766131473603871267837106799264274474114235821580258078868510259042832547204371411818872392028193027311474476297397850231739004554736722821529498713915307115027634377333891142966896349750126910678811612175896539139547545998735321084310013296520437472450393818,0.0000000012918338746372530497075177138355189296695183766852342269817494854507633074398141052342949346665243806043922983540107226133555482300166700229312986629363952179812762288263826106962251613997553880304974560075063723585587628229231373590630605674907157647160697991959363238223919188015876350582724230415602027942558349928852288043731197855688512259803898118870968946814414931583909159130797948252633051115719344842977448678859702,0.0000030290242210582218447410685950778141590358903035624321077660691628986876593372000456202857765201834083305896338817770069994617597341511801250111057239424152560161722030218607934825108770878919262508897448792606089110356068160187815323713482571635624803300046603181503019203026889563655854764402777260581120885965237657924862727275818325324269822799482974152654096432694560428788209028075356152290870919533952238551666316414022,0.00000026903171737212433800876024466518473807483438481956420970421709652306450088983549694305989167617418982450997186908716313452849596447955367987628708992041264465059201395229823592835992758337937680113083030032564882471392728711592371700897324171865218673539175115005612005715913676605445354797570218787884481482743153130655505143077609568539977945506860404880639288247219283895881368457116425662623531539924461179712680881561912,0.032585870407038098732922348438226084234417927769708192825776936082972872978295836984154795782125526509414218634988360825365500146965915317014026797772549648498362479644523875215369872000630711733221955139180411697383778076353008960159462786820405063010903519344655494451511851442253835949535819260163591690530368420393514347244445923869599936326413750629700337437117904975301309736674621840087952784111651804872910555214009171,0.96740865661723182144241359861664214172936445929120347028277189402490422744203121847077203291882760098357350502915847271354699703414443221603023078208289490752353708367035972200222024826186181787565046939219083676969934017592426389733658049017549880723043060374110078399797898330831790178199105763549929977217314598452456708550002866238800941230118660478430999799613260751739892662346392323591423742862406334365899465011873501,0.016700075835847385024600460843393862863734000466693572957967880613464954421192621467614187823930265251864670405357015584521758482004514720442811828530749077482024911126117613981077540597183594224792607327929642056566858228874214084486373637805697189767021243283034610558899270892531057242755410073191850574490315380076844687436944694208500741044105597301252178483020098442140793450760326845332575995943692417667366533310720186,0.00000000000000018537981009454547920492470629826965433699514996344146787772475216603616415237358478200866768648704844296813686733239180335116783031098329764992848560973498435093692381436027185984079208774058754719364269472609568356960112889191628032904095683211645411836155345732742152524486110835797629336558044148525693421820649159625868948289622135703937299630186614903815411286975402449762988507447956736490907411902895868571846435871321,0.00000000000000000000058431262133572259702770470339771418464366835730853211243580118698669295492824818538217917723591403128449266192949251488001859239928463500404892365047842335891520639900907402440922101745572039950458251410983512351642472000393027499813677875958328308038185073726590281815234309421106479066865246268140385495512441890405458208527260368565399316159581436014916627306380064141099414546211816659153539686313194142329741326638253146,0.00000000000026634851321614316488031997180133441470528946442580635343493458931553399417572282821164616440315935334892406497704965904279904939433377198959350411675678049844689367839502425095977371808688512551770843114789822470817424326397304920492948865529402139589168143986700353835654465613916910843016026353182072172114430028640010432468320513148663285080642100263448323152099654232793146034300735951275573325365007582630524309959654729,0.000000000004588008509314072369178855760285832558282580822347412103590005629522571954336506196669159582716072185040126433286204878019727877384172769746187112710100947427911588265232174327401858280542075927240270171273737922543895064629901455977385295418162108557376550076191887905956021107650388773302622155318382754574467298615129796584768354946875333828438406840971746519604701401632040848216647028963207845880186865207847898602427624,0.00000000038472478604278384193893424871062900771720598317237174390808529132030356627352993464253445165014993548278184660187637834119716294358928478094921375906983500091362184606867747770390115804200347640990724783343248205211521430152501292885207654644426317471365086937730605206790734020748828784585201205126628982963585442124181239337841041895426850100070855406091877124847697874195690199097099855876694086773559095828152686662768058,0.0000000000000000002780295084691539334192496507301538682766594384282423941572799660175029867318596094363058806444210967400392950192528470062074287292797758527593250085457462905632612663340047896509904956367583441495126178573519687636673378764885545191255637153457860311149273578131503424097443344403181288387498028671869189619854399121890252767566469490471762665461898239062777967699885161516441079720330008291951123316986598380224797687169231,0.00000000000010412783172914546712533621215110395726408811932358430777656031987891526854442808317465285705993173817206994506444036774165770208699126170639187246631061286995058154014448918576142555313496067898183658213084299242413607373697408957914705604995428637601635031252714314024335863839563213354437338461008721753647181509244535253901023607378183419775023352096429530053316013517009105359537057213562631678074047566098737769048797651,0.000000000000000032002476113296280218151819722557199578907259054419682113406208744980107657702634419294150238547969337634314476690547209983073065288036390613065941308547506300488918526675080982822744595268942692091105502577916306083229311813922509894153125562087913773546899358643155980837678606153411525593995631347267133731071840964373432248761094987221078634445603436836171565391861680509776347412565185665014663430596722746546259459620774,0.0000000000031817866179831061040750733272918998690179603578866161352002490421987541696380491706891242142421729184944413127710428129522274892455237220484455811165389365862427550328756389976067496915235579377156596264710514099260347610470101849274318695970816349255263541395556648997798997272784113959789294822617004734354389052942044903854147284863797153994777917374049880418126290914154555135801734051303594222911080098530103024965860888,0.00000000018951694472573935819611234633683879495522495826763496492962525852194698745102737743128655688940870017236723761528490071614804661824387894625686621612195575453784772155105235123014643345569256851893158869330758142476026935029315703398104752975146730266127348268026607423535043579709135861998087598884033669279956837087907609041793322503961832651118939760592263904554270555935595861139090517874533743183541140697464762680034274,0.000013298199263452017405983297911048779746837304639008969066637914315237452697412461900123565932443028236211039798203233711692417672090869576532068553200476035160412143257521521793903379854953297902795945671345144137264237651647841324688003321133545763738185632865898680135156604095800972038188494253906981640886009830847716080552170196659457926460906863051239861952855678171755836434687706186684067624058982759724376933994851626,0.0000000000000000000000000073251867719439294190600788248599479192501717570290194185830265620182916907558176168629051512385061350901502702654242836647421931013844623601850920712963929623956328258334666073751751820118181354111238789253240694426075139326048252260785668633470895305212855351771003352806256210492216249657574390462460597026640922129448791577817759371409365316278898756941140273410126809774340194704087738732921907447664700049357409428726457,0.0000000000000041477792194605046719732973664747659764062552340044685925074411398964821535463730369145454711327980845446095645087802206167654361827863642600214623039647028542736060369120235022343118175056986112449150310385031472641877075234085365600277674722469398513677134313456806036282643455893831136750016872152432472346540295295954037978346115061290784288245373946514890936639344600744552261079797726447246231745715107730834313815743055,0.00000000000000000013704960154162145291522276014945678599060403364359463740877196550365390296750571172217261940054604575982174561877850492184723154662363958051108282113461667321454203831345323438319798740309504313446643989188698067189573924318539574390069245569779289585760481484985110516795815028658008641801544769411514075660547837145267689640100909435277617624505405906974979283335248278903164117426558847965657679204522122818509513039023067,0.000000000000044033788500431718226167808772669556396174301151132307513422043201600212798988923540552056073089486139536315849158842274843215323881757978350277937124520624386625951675256992590805437298663883432991946190669819180005509232350942076231454676325686297927625256713404663832946973038445116370958825020195645756239948448413135985119083688383713222850407785565326164243457995501756744330273665523155780539069765746858450004876292564,0.000000000000000002192177628059371118784497825130971123672563764302398549304095308929828565191283646308114461444893290888213202504184288760204166601365377835194226898937075528242317850396630212327107586174227715913219981860502385976021614200398696824330704407317391168445201756772137014785732559811973634298122629182262301112531146710082981236942155658539357950470493452227869626645455452435646889672631309249331819894155645639164036790742492,0.000000000000093507022563584437741935654816413341221567273807058811909454784669701778962673194273853845968879760448745713330705808318634128449831122741690053675230199943688349562558796773111598529599353982731284738317689431407931673012213335457652863827999809504846155122795396517554127283640178857180303477232539113507628412731773237161193986236367125866153788921545296087632882064242812035675068234398193611481581803038358661032252411555,0.99998670120996954575025491767608455977479930245999960716327895081849151373036146925876016129748575673330965165267151648329707875304176250035588308837581784256567260533074202927801272969226639288088115199358082229539821948323640896371517464679865385255404980310204090042994156221143639811099218449490076555616929290520301590637991117734378975500626838554019074585219196242710273958316533352186498426376934755176983879458676816,0.0000000000082367636869170888203421804283719459899121856160555352328605605335544225605040434562487328940839057676398551154585421531319006209584733763715064436840402790559920975636837912126269659825029624982214172108864748777450557739852806025822381897230171807937785314033241512776609574235308042101437148133539658746841462468283317664191084719457995007326642884130736617354871417527638849013637199760278039558772971938289990087146170754,0.0000000000000000001398131272298342354012043489582284173991813890149109863741219502991708049088723747279213543525403847989941261454820271703016687950749134251942657711238072985177338041801538966005901166172337635684305315268431054575568043278299883281444703958580982339127238654677471837904519868397843688014907894198998831573020006643485051599464982793081445308125235276296027887796487061127839711970445321622016368073046189004842251238612293,0.000000000000000000000000000016648665259031846520462467452806647198163819326154722676269452514057008577910279101995234946383599069778450537519081874150320822565876248857532216517266193449841749773301430187756685317895662396976868169881548483609470545824504942670299208665410101984075301966850081554219592486960510323759278845540072225635013624942374222544885040431390464342866495045915357933795388311011352011073855378640388067081083247050934669952078315,0.99997152857381899077004591814087604048140547797501552713797156081342367482802403287824679536856696417607993754769544113720659699382361079594149617369114886182622282513099617704989302233058560215454719409282854273561381340272776278425764260547467624371597110064188088375540988240157891572158272058686677669573696966038204441157505587597353515100902371933590822155324944638252570440884759792497630126919523022029854263539907232,0.00002820112357208708930542529664943742876642572020780107148504318800495100143069784999201528915567084810638850817846554048865207891881501520595279226326259601416058183162087530773674551143139173832342891848566105290980617962282440451400791086808988095840929358220799946205032567265151971666459557186541483033663234256473258095229193754412181860616866309107374076437161486911541522734161632647526988687736001060662208173028671756,0.0000021736279552781187290716320617616702332414537106049112258707697409537517267584596460278866122247964304324972059151848716801661024966031471203330348949247187343257855491422539376815573302773329423517068761895117053622160477031590676831325936323967985626096605805669089480446624794735992167238450615976583239057045886335254575809202998398845390532944744016989728750543931415074826183619783041883520786988551478936567464184513595,0.00000027030260892214064865656247452208982809630477667179054339599857137417054526927176118934227736497581367394412609332230475092725757418885255103404558854215961659303738294764237023215798300610712937698868579621147638041764941281122834948365723387532561960577591111678253979192576956456175268384126780847392639799705322300747265218648234303038480761757301803768237893874835888036381078574854842884392740976909483528287064096158617,0.0000000000000063275844324731998046305404388070305510724786006746526643377483691239209576674738986645224348416254580535498343563377436357093302551442632833234312550346482185632435897917261910255624139139782238886326789008583469495158327613187431718876481942431670686570361530631411326486398418557478473863762617577698815083196487661239516405202766515853880683743038060639920459670584190227445241537727038943767895776789243846778205207662608,0.98329992416415261497539953915660613713626599953330642704203211938653504557880737853238581217606973474813532959464298441547824151799548527955718817146925092251797508887388238601892245940281640577520739267207035794343314177112578591551362636219430281023297875671696538944110072910746894275724458992680814942550968461992315531256305530579149925895589440269874782151697990155785920654923967315466742400405630758233263346668927981
0.7777777777777778,0.7777777777777777,0.00000000015478407889072021807029045316034612284671463951296741401489489651139290823204844136475534291291278963622181657398230575542001063439476158818587045428748550800765776295158411846843805463113602602658099237177770971335995755225097852662417308390868266388679645067044268982113911810080641257360694079323924258238214345137903467365015146086606250264738414500008114122034304805161768079706763630920588053263002660855425571282304873,0.000080087120787787387477821110447858619063734767090979256891805884872492074148905632265693924622173166100444998003680204599833157092794454393125537421760901375908955727838876968220663662062080548681013992673724160251295737627292476103158219462191476682217716733590131680136894267402118471533507203492314616910160558903723050509551904601360380969112762831390748775409394045754886921113394443520287927887305721048015860706441611478,0.18778407458090655654049782939419132317805699257182607528932130448823988594804688237321159581623792173706150362360318362309600306313328949922713043981082540069317335376139007954638005232547906663291486330919234223090684216612944426657668769507222495979253516591485316675218876674683516380153519803254179672125891756300709617559026998192873197666388436512940770330522954720363836485038100039418120516057860013504936205092036169,0.016678596271503803244773315836097253622973329361520844370466647563590481949910416493730534641494580469664201216689814922375680465360087978537328031136160110282186125601939462128339662040658184242572368746966098670924025481392989085092084490866674055850968383428478523713236784280644703044536720692519378530850709007874508855859083417641053757148455188298268276113559140453742154727215715137094355508906892347701289580263776492,0.021525092899769473427596260960082763187097096190856662416335903284668159549956374269003314619176176780254016417684424060332637442579214465342766040224593684288392316277000339094267864006688225439220517140455289496294087677836123422324179125862868124659725897698221634496184609221824730215075385011774785125669705863076545919989090420693364433511315531362655629600739749743742180972330124425439887144995123637141529266977776027,0.63917828625057941021982379155237385478370758318238621533680876302768307059451071947698877058501467518971900746508025074669985334553466139747569205840304372700664042848945412071266509346824148867300962257411667215227741554871729992413087974221856962982647035075313855286425293409173089638923880410615122573611755013341106310489155735451920550682015342599149084492723274770638325232259751126448257647304895275260123578748318762,0.016700075835847385024600460843393862863734000466693572957967880613464954421192621467614187823930265251864670405357015584521758482004514720442811828530749077482024911126117613981077540597183594224792607327929642056566858228874214084486373637805697189767021243283034610558899270892531057242755410073191850574490315380076844687436944694208500741044105597301252178483020098442140793450760326845332575995943692417667366533310720186,0.0000000000000000000019757147406238240549437096835576190646549023693907004710928700768281156602580121817422310543308770686813373675291110438393221438286553202274993064973645176155569205108887191824027581984041331700228734692431051053420054376034498406047864835344571654951419697668480305640516698825078903925895049911954217399412367761218824619729395895205259222088354145889307517330500658920415992997701394880841624939428260229731352004074895891,0.0000000000000000000000000062274044757989608033790169775530293425436880380151483672692732527068423311355488690395787942602424881727693296201895976932765082180027423522828180592532655710176970529126376069049887607536005177298372547678573889369772727205152016119273398750336509746703092627969761867538909203448043196407222288610689932327276058131801437003694596901117871146181586404687605977948286151876398392676840414820409824926996885418893621676288063,0.0000000000000000028386515415890856509761382601520715581058016064719381228109445955459495086506726044694796362119141590413157178714253992337624543633067026564581015529488895990335917055082722148391635792708982637458454670407400759277219350342890599771858293053788259276325489793181854567873022117731933080383045432124657413097080839050920092670458543467589914203283663726005364342817371070946545857405325906091982783785268336906469295431070132,0.000000000000000048897428675411412470454780058683944273971418224073428005464722074400854888975170420517261900915883836573731359214758946847954740107900748851683426498471652585195709173068214023059242751214734518805122871726544352419359758004488663452057792735869228560777039875091538375169691336299185458463179912832291256275365134023788966578045920460226793892884840041090202584764011169845674346828643806785318655450034031528141275160922224,0.0000000000000041002654522108600778718569529337678203712017779543850072449455524935607079979629471835226269948574652749169902017498875552453737666955883961602279407169853591021619607954475669809009499007145847542041403480832403888576026529831783066954922407420338094695148231938481529289852252308412128653417804450918926853989697760829052253546517278208130406242199090544087557578886365760611536682475212953637461045964988141054867478983209,0.00000000000000000027803320593268016340727660913847600825126366761873645774280764006150043615907297994922315339230845119304832453676412871225808983056853678134797370798937606403756178109537617177026732309603457250785514226897740110606253548811233101911334664955578692484849974512428692565961187414068691818928657153182459926660647894404144729478353030527682676815226289210743634929468397988959037042725857752144601864513434223132225507877040285,0.000000000000000000000011827274156030973005460462018228998835069884694180166973625880271769199600683438473503832780428289914060116100371756622903894305628844303586686382588740765172645304268287840580499841337386790416916500074746484649137891174861857721745620314682505242181603329318399252645726834401447103101349946461338883993261951918203781971400510690615100172683230876590345324635596133689880791763197515945876639837634950718089090663465494267,0.00000000000000000000034107146706674540196398152529836237957976654630142704378496921283537953824060325670615247346963904094069183553323900641949996798630409845661819232022556930547817607907539829575748244001020491108469604340082412989802809964853790688024917075765328857244927218750955554141758072710196704759717632008018958765728275001136991336490121202853230783309434896452282561949152536011683996082968968581478815814667283358279760732277195278,0.000000000000000033910395740845630467816651391458479943681383963579843676232948814759907248047925229005577200598219768488839235898731721062003801797333433662025519978298546079194994759466276928390780414886273354202622051258225476276463847455977864976376443970028857832854712786789519234404331101372889418535043021277797804935839883602123321165255388724576023060373463770563173938390853294379154480527777543769983564836445857578282227485750545,0.0000000000000020198069094022165853697988224978308923688923912287626489302974686727968374856264238422435912938505655304772679808367595072531837907815262896621040955167615478211599658882152039410254802692650881291454832672316730701966774299098069437716416440892601023153452348254906350637869226903912865633971880735620809080509022844536905779283573045214559513755792032837163642263460366028278318326662747156207184036612868599892327279747163,0.00000000014172766869895551358033164514804729695783733262242139068677314341142447024603209217897040078277583511528620947881643274351164112494031543871902550752230928062343155757009924648954204568768737903674933652914458467154508965642417375982014174454931223278631095987404736497375709401426812790623097663097811124312501664827414298413497423386845529021549940337023752481895607927723155918020739145521716955504543868502114135829774263,0.0000000000000000000000000073269092638537514378592700698730087682751347073382860602109204575432383561374050117579528845087766765306194413715161951349736460438600470743481197669741822755579083953908622808054827362446669701045602162054082467253895046543375232946915747860904772932635223224058167171124735162828726722957549199794214872306224355063384512963530730292288160502593397603311165417426659181148682685213192808764975662645617558489224844168843925,0.00000000000000000000000047112209245702025597003829113564137637609543906340132984642549930327453272964568485805448373376508519505766961706984921163987868701452864286816394525159943577946656881851416568692805527551066227825082989510484829632804423629827874494872806525674372308171016863256652336064729817773569605783801221295265245191974689369334321771407076128650629900021528085716650777578324744641998117983005695837367102266707164338910025065105776,0.0000000000000000000000014606278743316615971727345576369358341025434420334718523558352823290949758594847556598853989310519792270134946069659072342151362337794572397571020901268333213679730543076138530414102823728591803027944318518407569259288762162571341288608105759321194492105674197689019916599905976523039804273795377751453875042862535386966412720811153345290142082852521134543973793691597073145167331150364302269397553598156058907590808832685741,0.00000000000000000046929708786218337637973423388897285559189955895056195389548721724429287638935590414923005312855569735047938598388917461320529343477779482275381808347159751964422299431185828985759971376449129450442630005712056673049833841202172071842488846699038404910371296728194949932651688834554923182371950930996222735250514974222984668855947855990668575131450432603826167093478537005426183767876968085833672090812474437726509443762411421,0.000000000000000000000023363480907730775823371423618967101914732117745173493410178898678239073358415941460698369872029442837898185570414507208063691257655309828470101600467037424081144619778623972897917294641214222118594076347737569943248814094073283392287067586830760227093190320704944348147025950927228941995957515968531935625730945822991213073262072696857463979911031190802890791216343034043290884902321897915855489599531447376676524193264304424,0.0000000000000000009965659298954804596110719299472681790738268679814552170487948087838882580343348444304027487845102723517306406446128413836318954464114774191182368853706971306113644660003737198865367323536242857314710424139883584930742616701914875250730072813226505934662082279723098649008198969576068980278173156239258612942620113116494884631834019937649610514538949486303858704755369054869631930958887332734442723045200835634254435247851069,0.9999999998500143043273653174376056734007892478452824451092319147472162642396410127989497683388996589722202877989409153552890778244995853951195604535201004210999832811790891260496283614256267279416877575538647794346584737337275120199507389160543609705643253003520151206136706511447020291555706155854880249124768316532038827237703872093210612893866934147001999690625025525855465635300598509020892405763077146145654941226481341,0.0000000000082387005329328443598050444696568999521789794238559837721415485073389070182260536326653881404763946065377416827529259291491813555539624140038378795734524403506891725244230946488542292005069915163597917101513573051816232876542947070149883337322982714321351399411315255618825637953105581866594645544776694553274808120236727317047081116810714536593130141569682291663252776849197716522972242291674144235174958493263141575006711183,0.000000000000013118908219810470892653857725338890490211821455260063632437308835533761977427325904429456820614754877103374615245046645513819341466963276852433696217155494225935597045649659508873117359453676318141932078033785770126151941607557999330768452719156973357626138257136869309161927350771700522717668755154134193879729926627778468303170306216311727830098445301683488894768064544586137733425256092144297952316382402080654268693813364,0.0000000000000000000000015621731366937029128725955144763718511056945464953285312702336802324188455474640462648379255745499461505663038983504400886191716538217350362432351884266093160432345084469436105290789192074901536526682759436742295693126898577842243100021562197946188754534467019890430722379307975012703263271925244381186440375841704664453900295987007727167479868458840730994662391300800076082038618233344417536283306375458559979007983414516371,0.97523721607834670576986036790536271333970624970568141972631651107901912363104209239242528374688957387003678366475240838737804863911471782985708072954029169431813949653121654908066081782758104584090437794097629190019771144435507851844196177918322046211653121990708836053165352468022063382519292386381271058279768450995114425017725677860334666579219801037263641951905627136668004460200515027709473117976763452956616500730080647,0.00002750356830853843044593267307481612800960009872873650819416996421848253203019524507510923890629634378351577247386977127160421147042780872682688066546367456423517987802137141922221221804025901922813745689311024913162562004560003480767955499302903458566532373795965131780447724047576447793883217638723814426477015912076228321825104908875198467054641941012099593479659347005602965197138534475112483660270903649120117128833759085,0.13475386272166889028911076307651649344875514107960458381720816173605101337203379352275164904869912974428803664271682986891368677087994157062919630481774572206621331213471935859854254602843289983246558821001488091756862367493689327352203219989329866927939982158492153982355732157042326997727397237991355847595371429134491944178141224696613248402101622373940265227774827962639611215474457353821405147537724487382854084509420085,0.024735280353344755799693699421562470532284150195589843765489318956762393836927712362499607014204129786179700562773721841350347149414854361416092389794244631117625323590762079500116969954378695139867484602130597850670662935599321446750358665823750503297803456354951988150541998079303601696868243959800051272937545330928093466604492172307901349537255570217242584546147135163263925746023464378154143983629656433942633821410855935,0.000000000000000000067437235098057599579138521785141998333188212836235179363624214977606880167764575674490636679142147736719746873774774261678745273251831291989042320122090810839622160899577803655969930748857485595094258786264383993635578626546789444247174737509136115747070671271268896666436530669491852994029047951651598997454380553454682929599339021371951524854923998935347853768566281508039889890199038729034292098208528625621224585252125735,0.98329992416415261497539953915660613713626599953330642704203211938653504557880737853238581217606973474813532959464298441547824151799548527955718817146925092251797508887388238601892245940281640577520739267207035794343314177112578591551362636219430281023297875671696538944110072910746894275724458992680814942550968461992315531256305530579149925895589440269874782151697990155785920654923967315466742400405630758233263346668927981
0.7777777777777778,0.7777777777777777,0.0000000000000000042173223860714867048994535073309805310602305239211034500044954609049382974029920047248139976622308034263243277051595839386567175602065505854359798594765633472844570269591477722163091699588351930202070417753134077375127300018049203950111410616455248729462951924202021394325375915781051935663429956866768136921111993973021453679096521583977777744033715652884270406367016173501263347883714409993322155755300820277387202487961881,0.0000000000021820926916702168217495335492576798256420991496794053233577773114819024062571225707089243970917316784770462108525811104954790615940430993225230741915463174773280285604602714501168580110036766516138983495868714562998694402509197279836389439311965423371480018802374084646033951033986675289052026817311625973535429601029298350139921104144295250021590595973639577237904307795640241360034810712577660158009158891665866619959488329,0.0000000051164563381024484222147567884926131885377426570496547030986804587188958294171683624057924737821260128714044909255854230612706997849226885874501190372659074732276367641838983884984506613708220887734963439259284150956611111751478456980090106471684292349388194830614047938810013150032476310429749067874471788531926497974320481664286632982631180684678086384586063570773393579210886379030647450217469902941847221692156359411368673,0.00000000045443315571055455487640434073478323918495325154937141430709214245667109821204700533044563677840746196433579112168245445007643642567123851361497801474582436495175891448512575667310647163811964945805024699978145781037438288756744291520609268107507343679742950417825525946989361805400445601855151643139413526121092471658712957976915580772910386472867790728887440163151108760981674159654752655312201704042802014966762791251357646,0.032586048448445646584199737240474637924603191452724044263421573466394964095057385441679357564749650727709752603630337118797196548345939438199669509108309054080109164650104075935740687696923966281186885505718644524371000058056392395091287773573305851885067902116546258508620345893976390382646226423853516906612337495374204598861888683274438580943876004185917557203366695479453020459771126821831754026411361090272089444990902165,0.96741394230691340014375515737295566971523268176038604908084593399000520314540623910942640948019060575941264570996532227145593960374940840205294825993454013049799260178550974038553566156309530171727435751855511311212418182026859864638966436353599389002890600701295998098575736241274946239331857720007556101948108381799706499443270832877269446578468036281951501651382462587072107613563866981852927569740821390166448222961179337,0.016700075835847385024600460843393862863734000466693572957967880613464954421192621467614187823930265251864670405357015584521758482004514720442811828530749077482024911126117613981077540597183594224792607327929642056566858228874214084486373637805697189767021243283034610558899270892531057242755410073191850574490315380076844687436944694208500741044105597301252178483020098442140793450760326845332575995943692417667366533310720186,0.00000000000010889253907350007422474564180368331428646866550241351431850032049961132847139860553039002960314448419159756112891356384355292756784052555022427833702459060090552423694711333943975953727917637953604125430063266702148727061344484123436959530594117259778562711224624165514233685849898515679992474267129877778241772764743868848868298642630122616542617976010962451155628264572713698763605261860043846247780079433727162018398156757,0.00000000000000000034322661630459595958291830634693813911850630690231867668615594068359747046978678595145013277450618862894655667783016657322034351906845038456529054442281245381244014775999147721940623902772565595543303048927468203735562874627112636103432718734417972547464177496692597501643740890516035417775267202029653675055683206852035732358513993069808920439412432243360452221401275128248185640824821731912388151396620642306871312451119176,0.00000000015645374686577532920936819219502440560234235313667517570316773325546190711809576313232698551210335580602380472113940632530134957212348303673775561644276523029714517352394142904759659469334956520329222705730675245028589297136984216212520579888456672355460496180296782251258373578634839556690028809590223706777330297714517862853580139533690173944058220649818627603606175046419675306857706812176866840317970180875927932831632177,0.0000000026950070539787084759063594713500566097912484673481565088868274950311689865738423432700526937509975534368572594867663303048349148007385870571018483697536116896651780826457985390504266807727919402383103227475584547827930259195453105031443071008853544841561269359966859276849410199627865225304236524350829944944846477685358903817187200531289648793308370369816213588868326560661696611120364521574595218673500313019257561541084393,0.00000022598824961219686303962626493481509311588515823681016178608551428215593046499079173494846469139653595327904399404231654286526402729736783093505398211696708679641759152456932299901009819736596479322216545703269450810145537583140998029796928604206584247612657816916460494543239495022138470085502210312604077953184371219048446224255139881542458595232112355566319160786738463602648888578606264837764475684916477269513257203842561,0.00000000000000000027586127354676959316070936258955331600278291632052440166075094947919069441720791556643614947635793939776608058311056516398680216614917597471375946930424676025998470247316196349433431516111971024267198491469324788820322642795739124240092739053650865077086749626612832646865598759015745819097535438736552745236604146043589255259033987842195030720852118218341564248187015999695741803026274523363701273995524696969746528943754016,0.000000036210820304795190080719718897511388592396199555478562543076945136989978448886683874959281126870611209466803758797309711612073789129984065632878774699988768056102748412218472961772833870746765493794279232862685188984775624928526863445017863664275101401479339125731878748378070485669946221565511765726876417952070905356668899171434869516454169504695276717017928444273733717061617708640852480839985572882986925039681889363745255,0.000000000000018798330189455749500975616878463599876694442971100528819389818755446852288236739762462443397380783689569073303925755519416145033825795052117271227150953344001673850584313618990914629477192073595927468061802906140413580885779014793417555816398408422227192896512504606170169420406534688789775597322189814734170342670981929653083413284772904856464831290490230130458263424745095166075878843453383309829399179513585099639580338485,0.0000000018689889877735907480453906277184313459849001806939036475037852555033961051357254226791866183942687594111028747876104532763166355154566845896789680383560866510885798767485516630128755226261183730258875050533439040995099226883763962118128589951952936183663513326637786430693071075916212768144744405310446023611287610419369586169595941072795742424462935524242162584159140017837185497260146326261386952103177587237224729988036575,0.00000011132270174466609221121561127141536161925999088494879656570411824611589587062972797274251205345491890199308695529961492684373714328561366632925133482071752146665020341741657452511726530875402038056429935848656524441385070966214682700429189980391852877064852125736134355177087869317612019692206419229359318700797064566616189720062065541813099956963395958460342329817079380373157891440362635761828785639011292976469225270188356,0.007811393711991110311151797349963495063456714165394492670564162619350994713659782121517252244637070710165370949581024042176378830227332563342731671313804255002529063242837731866293273258739982992379396934942232484928803401356397701338889748005376629054533731170564393560265347163559827899739232757811960253009629327616410184086049293461492445707623931364802483865440428712531024945974118138048312166557965670381404434610158925,0.000000000000000000000000007268060728527295938666743370660934212395528735400920845686758459130130366265553727723865406786778235432855514134267842024267029145128395828304388689451412288614881403961481291717917291927048177954954058113091093560526387544251059719129116755991743664217765808295697504585162730843098978536810009636198525662507314656708038757965916623277448535325372253925156521537375492007076864355696397760849543733648451223002879892600331,0.0000000014424048353424834852629775309918225569526773709311070100133776593234979910350129063698698463533035137729995598986344086325048858119698484295823124212913598465861014347240405777602020534376036709050395647017931711866922488814743499566646892713128211804637311767681058528616819729544163345426235503751707371506015358459159470422360476405650798631555464668020177396416388625881477804405297111613384796065083539473248134898783801,0.000000000000000080503260216241513872979183468022255428093194979474943210146420458314489736687718311284248546530889589062245272949494053081914413030206369931934462536081002653721855091987846044672222376786329786056825576503879800797227135198131802206463959752748371712239483436446997252660607981907630441937193359443873495657785071670134392018667036605095534510041246581806017804603129432808295260684056602870405979505244694445517691750615788,0.000000000025865551552739363313108606027211777156194641786199815000756711084134335580749714675653884359068853190518956356391176172609200505375665072825412103828100256512451280509743271512991373830763884338837444567614232363956588579797624481303369266385695522785639453782376754413628592975117209033117429540472741390759667700220104421361754949597381432604853854352659692329760464981800997214715955809448703227078190193688230338045372989,0.0000000000000012876903255956648318008176294204573246613677231286506083122361290908529585335306243251814805077345699520367393507725887245926681863345373736629974144502973286428019877634720694403685871577704302933328443767027167635378563261560467955192942491266415462548231670738811411262640391133190477603812646420093824006232921224074959943476305983029815464162186064555751328701265058944958193133494591986471130054929264725998035499780942,0.000000000054926246299199158680115786294815005667909257800726472164424830032341187826281226053688227156829195466281868222847543915839529379549207659081199769172887387695005022349319523943584293305915147100903532814708234691579205704531231936571454516607012200233521420460550907421871616788108011769057244779002815262210461103755834509599497316747375314778394587006657188373426800565212261509964471345974813689768019481565692332783188907,0.99218822651057056679706404967857673838542853635443386541568630600147226593290026279953747543660545047166312272594464052045107772894623864618748233138507853795950126120151905854591183785333009634017692763580765283473273926187945027509879329496291025356049070357404472124371150676312694973041986201316410799628676086971042823736500769325447869160969139919978038181947222475942762400816500878412494103785994974442342361001302137,0.0000000000081743416717483745528467266544860358754828137359391758286029880583886356201932596073578989681337389506398243038716564795020977716344919619691475662764213292050852882982323190049893584845767990845955098857819300715519128156954966120395405018586390115560532309251330962453748876357987465747460477315677567343483317853675477327062848731109103874007627180263892432352719260737803962511508466223849968905481454854662682651038561397,0.00000000000000000000023432139711469235159864721237754468907837815459104869529185629389393908824041432789170881055612287612834401685884833209982959458061168440878601159615763223981741823737361331738577365775143456012732169106896210318283927110541642542702384394173186696954873468376125254955532056645682219110347681887471291526571242068842330713372037718525225000765311210805386168634790060674573616516798746892865578893322470962407064649539980049,0.000000000000000000000000000000027902519462126218546656900131052480526810650605766948475664495960799859734876163744910740017067808212443735025043438256399795511655387547046766072985330383286347682015590484964440339258545695503966601369815520325569579640661719636115009520808786849640775103344276057738492520987355097396415593088161489118278308611179852692474743541403847187349814812232049143479979427265594348705627598846313252992888554024254542426640764667,0.99997179841224044720525557585774022048544814251177992876591171745434643608649068176305980297008644853356198637201182119008770457508955231036222420515359046630787940027629387423951046229993319028188208084585199233094251473285473491191553961499396552724051041497422027780235119456955350641420468026357388608984712736558908121705723800214377698031283414487911215998357834293078500478711010360456699231514802172395724086186514329,0.000028201131182050406441872217552006257793001996404934358160179914088525401624146813646732467143341221703431506478635528794803123078947978361602470659299826996521469142133216990587677267840939611955030059325236074855169634965371251701462075503339122625999390483829368937469010226344494608519509921644437829093379330150793716523824878545813290900056275887462763333150477214003392072291234795607293981130999224170745022834242566177,0.0000000036715693625500495254021723246840565119075713678467964458933660042679920845084834452451207038304383975099562089253020775209024529489026944703629801037826402184310991291647822071591589687652841721337305600680010319840262377180401095198870375909001858151515718984394296374575736796308468502075341026069911062881947992404720960094389103689551400163981440465345923969287579864574191823738968828416822106583175545418173719186140801,0.00000000045657750238830255192470777325675885549181513687592810263156503851188517142329346456277021024473458212150954328111749230183149971127617332418710970669559913058157290876990186043222587010616288909482277159420231563217989383638299830950269535013349019454195035326017979520410199897727580981478167608105949330426012506641893711931040972878710957923342507668327117985521160314059866159982571370372097905187201411530061414421798158,0.000000000003716838067222900193057450379944268480165599302696342989477316187716055241716920715401681691604297068744203357816639452529571034872128865472629555419421193837662900135782909768025701767384514892269378333715386665060262110903105609698962126361571854887341024739577182708907136970950176278139456533580013942965503443485335268516985862269613947565131789199192348036261415783422022899429134581558987552262583138845033837220691552,0.98329992416415261497539953915660613713626599953330642704203211938653504557880737853238581217606973474813532959464298441547824151799548527955718817146925092251797508887388238601892245940281640577520739267207035794343314177112578591551362636219430281023297875671696538944110072910746894275724458992680814942550968461992315531256305530579149925895589440269874782151697990155785920654923967315466742400405630758233263346668927981
0.7777777777777778,0.7777777777777777,0.00000000000000000017071146734432308392584046263871503947557377835222837254037775097540101461397891471703867668081347322363469264263539368939694091604540038951923836417670279064664789832291453015506106708490083322293761965491580484926665965081294448392340282973984229944109405707310600522185893558556592276281475593397139450948614016766127924813825979787783649245526898518838842571426181228270020150942054750082231360878173268086922929102086024,0.000000000000088308549957986604255742548395149676261903745966044313757718871494731860485732461602109496669365587855877639755220883006660292070553698813055043726181835591706495642995935135561332872646715683484922577842908170257793708401249803542130836884288342135597505076335324076779577852342091835993956540074455905632250036718826079099858986342737391084064239511359355929838935200733227830058950807043054065903050379332826235846375056267,0.000000000041981991583468096655634657458860710300810262091255455383687190122320366001592674427563883666267494663348471383661654269992572268890201261347326016568705705419592777859329187325182280195783126014002810755899019263080278210423407704357801691805603315251421628543698889845818841040644337378762535694135429912594351929848469822638764601507600805944906150039839256405408463550473973691489187132636205421514545824995043702644252225,0.000000000018390755437118696974826516791898977800611338162211688551502027434438090161940551443637196661482303789735421554800718011203680289600052010039823416803712232771219473338050806832423028363908594591717836186276669927076175148066998030737770842064892657691727510798210985700679058203466477203799605545784681411127204933238467964219201769458106541052729118196834499743581815127403632794710245835440871987362140554535443705066407079,0.0013187463109737786019409953918315261919819850995566038307653973158503920490300676748572186262563486290114939189449085829416635245089823997190081961583117858138957364892420147893368874240315904567708492893632738723346106515856265006678496088765453243035824007981400141261640357608989944301858011142062858283271155297051197127813251565201798770525487651140202662570184920024956184769848772089185648122173679563470485258254316324,0.0079379088376470283893593389716196893041101654553487239595990807275828437191445340279745098135869732756477557519307340787059911509962020713248304591374716944489099917507465314718693936985868189503894503543498099330327962484694402661410548610697650904514342817606999212750565696301510128477006185960645454511370859479560090652346192377869012557441726995578437337529785939502181380699527415464557299740455391391432557079428598823,0.077307488225611532029480167245017986265811025673475255814906238312194168294598799268281671606695626562876295460767250717154227878847812860048097587649800290606695462581863281404102317991115348937289438762424106665281046877460760745183378577920483902749234347191599158901559236319075701907695942770403106914397755981429426205487731644552000391292451467822148337147376155395543426843639522124613128219665426184378166069698510064,0.00000000000000000000008120005376584816530625446388028374733930010421701960946607217708543211664493773510508029139175494437879724745445530395460449291258246573391184764349471729354709686893568558083838333393645136619931431609020106371516381793836503675781521638285207520416850968235953381258265668978592531704107491039323008296103997500057818981688108179884244901874118340605649159144456127548873854126029793161000148442954460425105227409193833919,0.000000000000000000000000030714458886395674108451185808438901644040258259251238741030402680004442203447846512575448176251944279779684902418069824947760349657711330401317392695573597982787063147019814068539596628889479981511047382851727129048823461501255582185000168186339459741060459305895023836737322891393580760942038925260946120196186786524834990177163272371233814802369945432836840174675950268497025931241748938152732592086569598418296112683141576,0.0000000000000000028386515416985283788132152628362578631872626963343987523733854115963259767473561224373518010899098502933972402822073057548618336396112723277930453510335703076912579689130401528770029378375544348024336175521511350596673691905063244241336443237696380251410205710192637705159855537269816419077187851226315264100619797045877183606446576147252817302881025918645387594084587481572370626778966815606485479120354369816870784984429389,0.0000000000000000099118310924026143337018990032719414040100429134595043457027941238979340976303818597798536359442337462088882905680980665510553146118313803555777603770633137535487242667020881176607354391035657585684513926070859133188037608848885798411929869348855217854747454504369210782281167071992704804942856330282409750632077627206987870947115518821412229683604056207843523230901071949101169575486721566847225608218346532271358355119521082,0.00000000000000016851712867650445367666689793045185139059430340931261828249774570073694449806769641238227982588111058028632730266675264352205703679277448752875561865911946782473253796903205678748751937072963953454691436706176599963478902714363407651506049982144837671978524928698876075044139197955740814360234246257422176474646625519490158729746801786639735622995351483840287349702688349232407481513712213921053498049023652424606914136646184,0.0000000000000000067649499958519271779709723914104482771550292379628736070463584150232343277714823222494205905870565348496807722377837632109959771369630205774384026198172703400407329523203573056448254577793400228175136707222859551432243366671337723839424066430220756510627445641057456989431841001476582780621102479002179393974820681304544305724250937811766111934093105650577823653207979515779724800126237712984033327150480342390808937210312642,0.000000000000000027002038713324339082146534655338015375474259338092865678283321588236508231812650027224971518014957341153188189114907847285848207265548659015796715532727465017974639673239349957513251353076525486083390732290484948998738863040005945405369789350520978503152697033135884234558086926296522621092760083989019100660678595425085152774252980815815497130521810426312342953742923992038880027018639186163381183573937815887117457259301497,0.000000000000000000001682213768714643342802063837260099554911630075153979353292585884648496270055128913907924229013485069961710080181684916705919839223683977664449573390433693126662054785453876025360233491276631605529831549577796416656761050599857272625468112265095836039933609609826088058606623129871765545947453051038204942717548858819230712436767408935207208879524867741461517200936453772018003179511799294182780300469602527292149747648979207,0.000000000000000033910395742152965434239083330200612715161984183569331959605764636736466447735801297551083348871230894729587446342084970831939484058062873634567754706305858674449356730064366133749037869038668916656861296489736867808734709529617892139502839956842453423306600235587169531668237208857502226630949056003055045805853821293186799120302102353120519938202099509974945501944847567482473378566624599928584568187093463077736435007784004,0.0000000000000020198069094800854553842687438566402984904430476540330739760797458771669025393257380265136173576961419296789650090341650970649693398608441793316680354214443879746100791033581049778294545674514958290746192666667587734022250683695920623122575922398990522537283176942753701977578183590496205530911242661194592649957130029040427146849798045260808461535285528566418518055869028542928283956480681538659512184929313142383841905960434,0.000000000028735506027729762928898551148895742218524432535238982530453950737960186439366456514338194690985970817735779230482764618587371498384440121742289322614555175405987950060722487404400108410861614038400253133359400860263031397469968744710336694294139133704261053634962478853463988389324268372815669359653110416255597963907608165160497414891067619896983153829869691755828847868219006232755152446797420230468841423387974842318441422,0.00000000000000000000000087927460597961287207818166305989351466599282014491968639486884442168561867272633723359008013194878277684637637412575356960097427422092872779762300604346694640255889142248456012784617646291825446652785124038760949194132675294137238436844874800328001618353416684403301903664987585357918761927030123714030426057160864804928599285685176893111267833363410764607109807143389581416518989480742514783201083201042335188762974875129059,0.0000000000000000053061251767126072999812050377396355960999955113614557311133547810395727468207860130194199933880530298535288764679619518541304854482447614285342881291724468278216530371670640463836172271109560084879569607731376495014822321406438526241086364207597677153474310697403863384067097015022087324216711808598839477780441917979725351515315846095464714992962688238386963769967337226874691865970035086565314950514891386709287611059643054,0.0000000000000000000000014606278743879708457685054430134965742880866012980302278912960756770805673024459981312142838196474625652260667564506985548328615941037695080368386407315290224137102967609831892929331223403857053026758363802754456881894128896765730945265439189616610124506112944842325166890558867678375204693632777795205168349318566511330469326836068130211059494121102098527139077186817293929354570692352398322206836204020749611964194315972751,0.000000000000000000095129613009395274137973154140284375481111823690915287995496867579600648309624255233928202684683777914789570650325513296995624880732905754723633588440341386620973679573129967745769733140088946289082532216870530770663757474536761096961846906467004433762477279209198448217859127334280859015673463463289185109123144916682479346571992659396012680877875333067451263226069451356805890747563613002357260186605641509336244347739797381,0.00000000000000000000000096021751868192114252198069634873071613563858826874647516334498852437657156221023873331989110320111351993681094767595628162955714736687347832214474073375437444430898143741517208977756917610759590789641128140368478187670942129782110946821130948497115162617899100588099062724078611113875411125607117680077226211082117255334007949583098669572971338082554243589857442904441201496187580887270859529847840840166684714507064252010853,0.000000000000000000040957940650468074702880020860382321395635041275052831569183751325983769349911416500014586563456647347129560662503074571697574432735604538305288078701837738239296343551001740788394610014945155897781558723433870858887446171789745111032957325411670250575947905602355907751451720454140019822281494330842965603352533762054847976876614369012477518357954144778347880538569772673066610444570202116742667695793092798714419692572288471,0.9999999998885669350963316578797706275712309859985072008931002115637903649013781779363119417537149819184362545244508697102398521615987955122178653519815043879874116475888733688643589146990165501210851467765710406576053650974554435529745440606790884261950376786456861830207585877626126343815488711582119052218679370785434751063670485828063179395094950923948598886775761151239307165551232705513552431185307430396547580757487517,0.000000000040634461721490616535975502012763766446020277786926648183666986745546810211141867741280508178046041774066120906807826912955568268371254473142146006211151517091439730269668904224832503064386210556306620309104008740968787047086005081002703276097501665055191502568746196064383359778972261943528478789615621514945558610248657882400043859356323397127784698859637251002497939074100920987025131369351609800406573900783621058567521657,0.000000000038314721192371067240808294306777135943863520524895475254934953871206430033899156753930167536116689145936680740667664217822572002213256540659282785122765329753207803650684361490811030141260136401553005301495889509119930301417339756186631991565737250360683088251693816663074295438193617464841702876273945284482888165040399552283642698673521649252573402825010540347992896021325685201076919113255184205164302005819675866007626904,0.00000000000000000000092483660756159919798547781562719044171788480701932483013668505946375466152994203399271214225148574314567414011009892701848208662683521519925000303260269777310772953115902084001363072454013461854966410549234251102862868146554119247976223802900157126352739261850475404185959149614265560897508688585077085887066868030928652131216556432536722530111939816996296383972046662656580284668841383873865767553009484222816826657954122603,0.61832745415415756383192723514711352740700015379157087882467690637076172380261274770005039156938803887412359084875267936369191529079075549098893083498089685437801267068819180794746354194767929080221708904397358433972889318569987491802680008061446620193492241122452743667578690393854746560812911973718739312088558719608051986366878983338430258562956096034373655934252952176183554288243497297624745725260249063807917786193699994,0.000086025941795503796141766807980205561556037097752474090095619240637134144698755615638988916324656470665695465684940293898233024539053857785928454988344579021013721059714957220645818360446477124899900900447862621634491708012995709710927271112147396039497426740319725440403904656358538527473094122043878934076245153863699977552126357533755919318383319020208112242455706611309911817171588715129111571360529693170322312970990166326,0.99074334479091813726744341805750878377891254902869612873462855535539145526319445929774829861337457355388290960737111353650005951765650898899841345845861165311935613380078991625176989126130041900544019698218051345167637608461488131703278034060304173056679617262257112073944013791256651040380173828560714817772647535901366981269215157207381426175657399936859999978670081678006860386018973464566711992919641392890764539858666216,0.3815865199040469323719309980449062670314438091106766470852274743886011420526884966843106195142873046552107136855623803424098516846701906512251407100307585666009736082520932348318906396918742320728830100555785530386366151062871293722622726482733864020255801620351528378838091914050939958643977861407687279450381676500557801587790838090819414950520557206360553284150147716268545453003934383086234311760369796687504998250920099,0.0000000000037461017652673417572928817242994532676009549534913246304049967362337083782983074698786452710478556546162602895303108055602389561050679552091659970229178843442199889080554837095992702338505002981711614821154721061745382939679271387959388393991682343265452924273383172598077495685205359353367171906661366359394399773641946430800920237313824954032439106304703127892805334464144940168027144262718150147937565029201667839425561479,0.92269251177438846797051983275498201373418897432652474418509376168780583170540120073171832839330437343712370453923274928284577212115218713995190241235019970939330453741813671859589768200888465106271056123757589333471895312253923925481662142207951609725076565280840084109844076368092429809230405722959689308560224401857057379451226835544799960870754853217785166285262384460445657315636047787538687178033457381562183393030148994
0.7777777777777778,0.7777777777777777,0.0000000000000010302255564293521823684394773458339052744750435137287994732552872930650433474107796125979759949359733315571595177852728721551382770157761768148805316240809772039693410199857098526889897239952556565737929931189780318716850551443626346749112085509971726924691610117106091801513387377043212339884215054966835037385919032458888735070102668383914156218766181146662608899921008435097995982896177859167565399106892235321329182171565,0.00000000053293271057435475101941064618110247156047160486767604364717707819761371719395933888390325644427388423211661096272910309997773705723266982357368486581703217961845162362936724053285336616333997144671174739804252404371645675027388163837796513777613600778119327976848528234595682521852172176696894064284749346471615248534914421131098721398049964192505974048163297057073583132829177566669617135469312494112439170294015462538878019,0.99999988848081238745731190055398130143034359541462476392503372310944131835995996841170879403466357415551154336717350036797084302336590668821323999091839933055083018449347795889149623308239400946907826301875168282397444172020856916303177732684633811279186263061382980067827541510856060796540129756163089808494749067324518844518376168625575454925557235009971511123801704245649861164902876873165058179467332831855371059598247102,0.00000011098625387096353875859381168274604549820065854157689927080875745787350684578575717658400402295492597655546483224919481676246746100231166058688898391997672102616269167316488117953001563625189485087650720177583348346132366914380868560426210984201795109098272572361334627761621162328726412351622815557933601527121941897398440935012247776370189683882236108986360789467453249686038601552330036335340739922125939357330224273484156,0.000000000000000000000000032798807534233499948793414341882415148206537236881453262926585528925116157098782774231984374492084965256071046744495546261994930832096202107698801712256798424978754047971008522941105615981849579029620523890646974997790761821581250505960674571821411101029129792989640654149045319157527213035687958367109964967600747365649323413256359324560678040137862337680785897365218539331711110901735653912957556829798000802927792046190569,0.00000000000000000077923812768180646696953073937411973449989398570260391967286351886892194040118747465612986921202254340861773992850480045416313297324904649063887661784320506091015600012427030099303092724381319164849125674442957348670798192720818608478952899828527899538690673232119600968810142330486419337077667779785214040294162758079035387492444962284201166748897786728450408694341058721340338969764013309380496874952728167362954704240959634,0.000000021227422652651258340900224088379753003947612806309191993597653489734802928887256440253717412539992927643737773524759666184293177495603398086071680410006546515561436544120198258354650901385072895393209368949283809871670764413148583622024784671157127321367741050502283927958092135847785481354564004628180319947174520811828599617337107099129875967613796665827781223111532456741809030190115301132086965295848308746724908680118316,0.0000000012612662217072200866027522434642984575552540362525963458965969381076738295820475497133550668222267548729416942974882321556931827387809702199120518084799809997041666336425463742753452773046004910827494943950020296437937259296082369200091064143790997978346247958845521025774468170800821808763654114005887146049488086590836660472458941209688722160317048189896399125397839908905301867121431253337827592172068026670017377127580564,0.0000000000000000000000000000000077604656350159214260502547190806809373099856302028998273051752101328377566508114588923480935477552776286060707485081063351314474536171399530052672512731922589646372770985002721233181248536971618633695785730305053998603875069125840081546257385158920424694245809546524826863317379466243416642113124167337453900510528699588180671535412792829781109926540354329837589655891586719368548033733368514484124664824715964507333574202596,0.0000000000000000028308984212511356063436292111536533166815853922652771336466218736445600245811988573974784017951761635668991168470942598923785273895058501410067303426995271171554505336408442431846670883154273672386564536327825918578675237607025416837160967803581058544659454924656199411895312957528061277258019043356463504832869389138858680677001808059241388820198206215369864499706190962660970099706501477920674273447894761311510020670145477,0.000000000039015159381469360643390157690976393330115561791684604904668362525564763572524920840733296705604464943338142547867211610265443211355046215793284300404642472662676044811591532409659222074460257970412766766622642413154290721571419493028769266824947431013757938606124733406069855531316854198619280688569271419248583960422056649605165831303646293293510995572625560783721157440796657707356484042657545487191569298208022024953763475,0.0026175470621197948461431698229802541389071762420207384124848976974871087801488385936294594783311966009414207574395357470522397319586189407846227967022095343211406436601514214405086915919741776035423358247051483165258666631448525204444226707620688087340328735164524248196146677369589512603140872316417508390822805567179088102885195919178371483046760537906340517038453052104907911487941387432344415795367066611777227455448666808,0.00000000000000000000000000000043305415692019126567359080348850528221761221438805195214946359214259382565821009466380143974574663642613463133507738992933933269427289789720781445614412318412990005460136259725149918799321927179219349366106085561100169390234686895596749573831280472780724497664732098028315380925771810716331161001378872499917792112600542039120743873200958422482704112003826012100737052491450224677151386059618288147222742343836677116839530042,0.0000000000000000000000000000017289025379529185001895542397030827571644485613203965333226578518538860765908951547014583795789626443717746803820187635182532354765208295182504699567526903282003493335659485362280039784449989074422590547821917242320263973907201884507061086825075081215921913229144743932022986459671921694869937633177241120052171221227168361214391838738451127226607258947428262399834575649870395942696299291085366787685790786547788830424356113,0.00000000000000000000000000042513066309130147653933270513125649343782743610349317612966127471783584819592992673971235599225985469398755899129496162951864784185522504970319667623624512490723028103810397241647383407153610223810487111741839670249322960185052711795892590008409427628851150122475135977919775970299222064850472877798225008213114882300990812599711411358054346413460864593055520285492619637935044372883624871007634955244372459997250876710395531,0.000000000000000033817777335580037365244607263318043076140434484216880259912454229573939356437604035069131192104355362353132153420079433413778203276854477174310278393379855795575244559997224351231777719832297884960326439975095971369900434612775999812436471479347490596022221283289361043570970923444725647228808799395723327139101214121214093292041776673169919354867312785237582938027031496187248846594420469326844966220727649268444288209146725,0.0000000000000020142902738452941655620461107877395006004682556733166024021927882673103700729252052444150571546921878841784775396894273692008512350590474835046022833942239972501301639206828865227709674932466812794782710744533201453725242383008027105815305778404754268021587655348330128517560900337471394220649899522852722278765623116064740917856314448736581215340798345647808057143424601435636961489886564061583541623940082486096684401163063,0.00011308422002636708126794207191639306428081878049477413225478218487025677029722033502242756467939495034139917008304142800820195285778316974900812419983687654703524314775066463170251357507426974856116409212234490329120458029500949583646508338739826356907738957091828883003719642181648522149247703892292895357259459739310601086914247076111187580800115129861357522537778451989488917768726463826588977988876684718532274682082559545,0.000000000000000000000000000000000000000000014263667165621965927455966100128346806055994437147921402852958969815714181603265198774928179892494497188902328816546105680725302576958632143459307212971967561069697611956022776594685117105493058948173700053866431050717947039670856285392428794876219583554281870368133279393206495876220209918435202255070547546413682844885104103686463008470326994748443769617770371406264785123724650499721405277722389511865688173347697274021212,0.000000000000000000000000000000000000086057320881810313788580137805707736412645605405344412153375421658368028136615398682445430102592962248252369593861607367371661043861985364505188579863695396247671999786757690287015609415486841462776223133409959526282650878327691405991084602692186330216114178558464230137561649321487497105134422965074311404889748091598474469521350289502641757041606815521829864437459449788776336112773449359189175981178298585093804254926385938,0.000000000000000000000001456638507016668496661270972676503159353605595680060356432194371218265117254484223188204208335494335257590140567591841347512042724437072920553754159558748021816779761193349299344730128504838632036551072748985740056966255483641144618717322577447059384309724879168540178535804157993614878013903676757972915466578156913588960840244229313073382485523967857495497250307070566704422690985899894910925129708744645453017013195871554,0.00000000000037445119664154768752883838894108699969636086189899058905666465581800006775585820872081988136164410244335430208250980110732766038840205208773204357313464545143581968307446706290575608183383990187303074878487240955405852037240793075148299870762285933133190483986838677506622754960379724416326716501033746729473578168693589598312580493926165591888320760271062313549136121391762349908818098672827453608678282472978136286040768405,0.00000000001491489063907998921725201501638132221811318736963846215207927452567408060326180423616639596353943836272861669459845163887116676559520272273655118773828275835417307324151600463903504477243836454374164912416437469338802151800717953140091103695722959408022444236407319917785603468837334530949400380636179638169202335913745558424487003802962412454614689118567142942081379243639099753424155022977039855939095199936082429561708415,0.00000063633365870453991805862006557415512131514600945111915292741791119660170279173600580683713491514496902045391650593223932157421591946670026308851232240651392840459128980192814388593661389920426806388948844770216803103427803483495080124917960024480414600672598673361011992830925060182818252067750828850136560457099692642261558880456849233630768100009078151147302963477809609267258073524082620345839028701899752494475538357720935,0.99726873106862234940240664232325125464589813433357667221890592814476007319685014761840234818353811163145835632359146773868670705758068440839885706887660220041968268166553254669378792774554948946224886174721854012852494205393612557142378293958658884597230212610132338719742569613914754587895423151328120776645876896414094637726590492598927201858903242640889033649872521959381894122536601722523993642396922767088176155659774335,0.000000000000000010266902143819717338779088003128693552364062185487074641567716617556585475978956706492706842988658744110171361787760760679002453673526098664395262520150854680062351121707991097526359903991785041202938095153813836022461070727338705719930589344596755143782339272447375749515749050229302003925292192894414165226356514341972161318677868964702270108314653169888163225203095877780400612181511721317843930295441454484559002110085743,0.000000000000000000000000000000000000000000039896771561446079713222888436699959935385645388390202005248714422472104666955869787584029971472961282728488795268585065298088001407457226125602248807157267456442963523313349700467288566605966454731095641701814982503049922530661459440800417049042128626524819840928754181706787952222578668908116485203204809738446056304520602795130264262518406160487699480486263027210450109457234406865426555407096358691845672360670078504275893,0.0000000000000000000000000000000000000000000000038010570417265294241691975198060551119253369193188413922217291009302093555672519779655584891248568843265611513761663578795640952362538733654574651153021417688347845942502612668981126790494551400333637711315845192717889195442208816056443488847989969066861631861654468577109230477230744548274810867327991511002792798290510105333831534514352659635662519211521220464613915120693190514559383949001795690163206841349739775642279161,0.99999999996471163654804386672009717498433118276850703073713405121659857743945738694206646262233559663831959076996769448492607872398519291957845871709574160498000751317911518263796485839256217038908267096396307010469463297035198490673839036842787071479561251438568147374574439841584092250564174392249792672914496596784757478175715524291145784799609508999525404718936557076314956803187184722673969445094944439167483277699373873,0.000000000035248741465209862271265950588336325906205356433942897720341334995404867037182254502044968579280669742332475904121711100022770682614204820059812442615394894180613451113906115870010508764215383834642637422768878447760579152831615033645437155867108621861663726187784045282144924565048583439629975610105689124418224973384428119608943514690403005063850100954967702278632447741417038508732273365770643026672617530543726002927322083,0.00000000000000000000000000000000000000000040082280573877303831479668351575931539374802387376034590209239995746526480696224301414434017589844547334759877774603980626010239476717795990176600278646265774047785490379801572188172317569384564336115200432613206221537912493626241417986833596069973204199694125917614360426059563758683918895803080572547799129466307744449046807020960574554599611198993135617825711760676534155460106958343292334973892122131216678050216802240463,0.000000000000039621986746271008636874427332491325287612828923051063060087565137746020751282875619434782399739487699829610952210175992036397807336462844445952404597592640271366248129025737427320846701945201394292472536488581887435940429994597926692129337278863752654800066471556302014152929309672637872097660749344907734200244858416637479598637313501904940895851855666726958217984226711114264528032183279912581652549692462535269236333302588,0.000000000000000000000000000000000000015396391511183997356366502054261729830742678137653400801398572352761888903030186852135914973367713848480048113550907575262226171740968182182202716052607079129217529712889429489354414883510762390566545548464310074666437720408066685361253881175508796421005171582454663208650133794144565306125728568646688905527688648050750870600482221693533573672332498910379509486290675548191345957964531826941744929688416905633086809423483573,0.99999997877257734734874165909977591162024699605238719369080800640234651026519707111274355974628258746000707235626222647524033381570682250439660191392831958999345348443856345587980174164534909861492710460679063105071619012832923558685141637797521532884287267863225894949771607204190786415221451864543599537181968005282547918817140038266289290087012403238620333417221877688846754325819096980988469886791303470415169125327509132
0.7777777777777778,0.7777777777777777,0.000000000000000018442025060584268373982567496617074363844952258047711918436023950460053494420132165675195633667174134963088497426623692991944479222605684196627903076929642406007639067905093162706142688788557922400818196467223917229494239928466339340453624747750071554960106288493476856783379920161764221596426855598880747282181042182709035220593455449999282378639756911938068166499926809444519708828619562764651790235029164845611543668801264,0.0000000000095400064021721483143226636866933998478194002600127328764173008853820698331498772275008692568864393376346331765490967795048491822267374534104629981321051324469332491386951101249813553126414771959806369511956579456876416391424411344004035881351614136635605161893718863940835372433451521765494648359166874708154123423434769495492412951181166043342760401514431644299459110700770511317944396843380127704776513582224719872366372052,0.0000000045353305956531701500947122681842836083660982724293487105255017583200059080405650618880324557622326131164539282216411920737128677581740123532544369266427826449850649354844843473790621442898100859493232815665269799101230408763594755464564206081039114078988752935279840016521451369613278527617229921272951348335378154434019196191051270603567440801181997905838890714772657295686282533440376943356732101267419131837674942678777385,0.000000001987201090827959138862028742811964786554531449255891401048942874112533691492066944353830881318047314802990373445129173412824993835211890508084010523491584008858131078948454050848806826441456226747412679260011608341190569035744062983605459415680348380107990274529882822351793499644346820228011248740588411472805459622592301190918365345453862427880994673673459950871242122206917357435688167448750004140569421377881153100380322,0.14246466797967090294984109147507223503914513412686106339039944442213904306332310343911895142169395566363121435833536890228512216597049649877862287544571019575696345464304505907366997519595426787944816151818893325435135564579747429021813716326060602565864309523902783721513616071194321076813480785202140490055882115479535910342944806707253910024506612036847145942501630693613729419917923673401288334060383578225276480583378749,0.85753532548138561232047484068107002090090276859145992650685517635789589383207766257964200035638450357376999937013771054112575323788742177081739097349441516530662785011797839654058982030816136716967668103842456601409151634185018762086290524128377908182141582375457673044730284802231887084205067661905445002005065778025226948703569396941958563976619868106544190422329356463468726833469081927177575972530172942039366424554704459,0.077307488225611532029480167245017986265811025673475255814906238312194168294598799268281671606695626562876295460767250717154227878847812860048097587649800290606695462581863281404102317991115348937289438762424106665281046877460760745183378577920483902749234347191599158901559236319075701907695942770403106914397755981429426205487731644552000391292451467822148337147376155395543426843639522124613128219665426184378166069698510064,0.0000000000028192527362816690139908075574943611422899226696232524477636027327749951564345034058877900160546482790677968758522054399333993210330786095953656290477695114560212756418148438367606268354690038353974988186910962030631078261876905191875930260860132026358123082988555965860818492964155411789051940255489557490900659130837251763047482114020863582205453741938143335197582427287839874302225901828574484886763853537632780411628301231,0.00000000000000106640104584883080066750199180140420166801334826043704340004602459704096019039517130480949373701868249468541410735529274745119337616822335700978781014789484775969517796927612328345018091438189764841960134002168109977798095959899652294839412896440666731226497040121893621204422246167786762071787236474565201334097262325349535428306328292175949936575541950203871637451020576380409251263334048103099137733838718713905671032522,0.000000098557522503139707373471348174954967545228261672128835803116410446154213147273666353016707035240842858139727798636526213137454041031366562145290981980320731621661396161256016827719126796796751745877591203139817316374133813425509953882428614940483688976897311532270153431136186048676421098610166535993150499410312817103158311875969091230333983355737142169970231826945043171934099747589839700336149491125215742000731630128308589,0.00000034413717273387706548123853853940416412771622276104087944113483814919608695140041612181637922233548252913734602000069866298789142424909205157603729318942786454924697381867232582608988498860073821970966953446702733644787121475635923091120610551567684298343055479942732602326814988541125104997268041689880754378952822289907682217370010674129295538718171295673135590057502400666514300735263305449227152399431172737247096317280194,0.0000058521854460249460591442614367529649049401959696126064342104583519777615403435905871608320324155149219880653140263560483962470167803651178065032571397155808256054865360712091439052282732137029248795371933152275758932397867802934419115235565282775879758006616382765552897276388380894065491402965010142199891795738352012563948161313467201892945181302234496371307803491023104983991632367405058896732983654886252988108882161933968,0.000000000000000000015080093652599449388102117253325564490182728635256109614443902250069055144385376303472918189813260219497300050508297220719805517973235236022061242007100573672280338085731783068802742342575839345905676336672850999922258220804116798254988504884128600605594793472027763768372988245604860800788070035512332873794169715718599538854238555497559231631584646466585895522823863522838836862156826607804384908400641005115065811622201044,0.00000093771439860256158043172320668990603238301927561990386425269598819997467320738994867190152050952993566320175474248637263858641423906513175162644680782839789554232343651105524624273537439063821003267228647818439631795021318974523633679446308206755071472246081768843532082310244176026940592915548184859420680335599048683577905934635391951083456934841856404901113887689971172773935902099572944943306739524025247371844106430061249,0.000000000058419147131761048108636056400341781247157406854203437406904439252733969465973857176769265325933749099547377108721823514451109066939000381889322902798558196451446850232847418375046980892399163142783292508692369236742188338491846585505831375408280322910825058166055857763923888053131571634180409945457243385595461811491152115709563260158662989989145234244231804460610588933985283683510520111941907211616600513868131714452426285,0.0000011776246485431769538518678215239883462946926522647481451628435359972436745633748872480397995932333583766775723362778757448433995329340590864545110370714490702826516103318950089153307442241165240317698088070134183805090864284625131272224127533674466559597159732858204907275673368789048511096287775601769342596573244798389596736834008775260081307869452945425402060668493221445000766371398573307970076523078984448327343694030646,0.00007012736928392688579158183788884752537175554125374155246030101122660161939073079803410431041915087502910393291281083933063675137389116294761087659721598884111656261125142514704429034746931704605998006949942751705782964516145321155772104435181344361504141812206807166921774666605801644681666170200174176568948987443608248288575200570060580247192454844943058235913146840570010374516458236379766039848755316951514951269064908748,0.99769212260285866526434613984372085637003767224108811908520153116050903469174741583530156873562714624795400276016272048090460708513973587338866536197832763428215791592116443428880670211908229638131434134197714902458151380076371942666368360292393964266901605847768088618404533813123678226982180229993300770612423498517971499958222954472479470636938928979527926218637516897288741531966234779314957355920130220376716051042629125,0.000000000000000000000000001960035685800399514652369673289307445012229699671352719842720823070881764044224481061503817941048272221066912249160203580344782323458130569496040596062270339743262377250021180348901750687266001304822892227808528458199780916463302042934937260747470531581299673779807844644071101521565932443885398789037558571378065271992035327877081861190729643403267748823656967373039148233950006105905275563209534375971526734527325603362257,0.0000001842278081075822325505175017700354058995357526680657556855444112617208306489236072088655103925118150778876354354908437221580100279789793139988963200770492375039960842309942473504844838107880305659609631704530193317608948843511580961996118887803881364675918098113880601912391007474438830948080734908520695157314276697548104561045109972167445881334239599010647844051174430055215658926545539027192614535026038986451007958495751,0.000000000000050712763607670217279410954618590148230948295856735785261635989483700796135636414104115816798645336013589711867522011640384934432225943004140503313208959438452358803472530809184911537133684423303493549036016817570452732788218417257179139485055797714861957496894959241976186445048258242935689411116712108474738622989659645596882081030040712545117034964300835588273373951285953247808190584973836413732144907323790814133634433368,0.0000000033036175082728471133992726415170249003131037976408302899304030751424245442315281516902092612289846814930553423189168130400967777075317430676772599006720250601484668821109090254751707428937588266553283314212022743656205233095928141630534743361875136133153903462018190602811246824150593536440751136528687881504841465605595146088391822425829333576975148906667082947217130262599153324945043483065493269499195761384777947191981483,0.000000000000033338596976498273609768038274420687725781469963338976729938164578663559806042376208035121186659905996590949371469715132105713834244570478330160837340254706236441100249223413269776065980431754136062885671689548705759730780478817644093946938418335472214886991395199013930691478269720272790730020288221619627423956396252778893135582169692938690871780413347690353018600340691346387076507451813907504267256248038348250565408216813,0.0000000014223685512346502807350222619769250557845148695495733440936966131556435031213247201313332354939214654870548709656787489548171233099179942604509246419942351713241992660132718367863493198125390577082779451373826046171333263632730429442401963471759668180430697432640373063904866947673149535910264092164075237324674296718174281679072464428487996531244070591679863294625914112402686525618090106793398028278961456563711110194279833,0.0022291507934523844456918209595375108150307960449394767451959591267669632707689251313015609182648564150338588030550620609841974527930600896935388967911520987884012505378810675247577409849937058851694381752915546492978213383340901469923106095056937860690778714459206495652357582264430027141618765618545523929484557433382841680674892601574079458717466239036588711053099207342911383876779657376703866960122683624264151725220413396,0.000000000000090580342598064996630817443843109888236769651005045192108389452976840013689856428959500038913664365189932395431003861108604190587003495486253090300982589904048415762324005625406631976196495123920234372320059755433712848887330046293561865243092624639531070165452112310895660052004611512971864448505585016062998025451941920422441760761693380167768196408727649622653232442628474517149682702473917081872737248553606483543976903179,0.0000000000000000000000000054823976962344506913084874153927459681215490417236167671613671055903373947549390018329488339574395337301751169418056118854023853796109044801053955916086930881537547337721809163303345930250097590228082269137385306984782393492773525538438998932068680080899986628642212861173888069493524384827747290536353501355725027572151852819254143928922727698220958631384082937912140636155227687895175885259706779548149471243450312094592341,0.00000000000000000000000000000000000013236288176001134858583519465760039776714740462631324875886323143327964643623333248702364380161771032591730015866353615032934318188099610366317848866061426534796295429469532416352187211711797628226830041333166909012123730764088011616155549511057039395146007708517581854189340154013680745823572542117581722729979724569805126022413918830177197247246786547494537223694877320428783769564505261044923816067472045548406339145704993,0.9998608925183735450485126014363336196846689375472807449792052465430579256175346919796803794547632227846428810763117668458878061551129763671063703940020360481507506879473977241229273278811852959715607128967074801602370125155223040548572554846383556333896262911688855581173785571576850899812528593012650990962483040649492179048937460622855493019664932521841906611432708688568745841994160136508144859212922124097223797506129079,0.00013910748158683847645452286499580019893884438195524113747735883008830317764640694282568070789566127487436351225077654166504608478453189814111516824061005603431468855594369217654468185568463283589462395817604628410360886526542134924813338427801032179123560274822553264380945412102628604949081982738269766462296872820370872845243214844089076828647195905761959015068834305678226678916170674060208566301852057101402208523663720362,0.0000000000068717734043575699885256953944428058961555243125402767213912113506536141554036703324251687502367853472738507501811649034756779628468666137052799940420338320192048748064676282379408762008246787621119805530046853481271693081787380025269919401468951315858977931302159923742388877574147702008762177791634316889129367190161180212261063384665566362333337533031410297126535081205804726381713466367136449949127947937188837219170806126,0.000000000000039616475032875698670580116392218070764013883317394626853771204818901077493939837341115940482755411437456612447147760102491734752514437757353895814934623496658583700527990263130071192544663145116473555659378619212274595894611131083634044819138106082888909238811988721288623969256320871352203239128727206847073366653821789273559929747034788758189748706040788086343149011422279608583428415689267019263598164150454897069112574742,0.0000000000000083506257233296087240710899093601949288982207526122114150256538724590159268109806294037084232428894118077541527370546669788171520249210048314876903298007504138335909130907198918231416513945441673459895074995863823088288476293265473210394774996527540064451138909119629564295415095691175362121484147808688634945838202883631219404713997456727285323461474233286372104574229657773440522682933739923888963793259848251525311185180804,0.92269251177438846797051983275498201373418897432652474418509376168780583170540120073171832839330437343712370453923274928284577212115218713995190241235019970939330453741813671859589768200888465106271056123757589333471895312253923925481662142207951609725076565280840084109844076368092429809230405722959689308560224401857057379451226835544799960870754853217785166285262384460445657315636047787538687178033457381562183393030148994
0.7777777777777778,0.7777777777777777,0.0000000000000020737876724081050114175039074582530306605689434894172647034631127034430081733944663170273101587831174218177001817370541263320537620398798723495469587608121287317470939060931760208876863241585431702909632943901577547834658961796879571920294575862076302406890021462030715026095084456425382702992411272193690491367572383725863379482532073033374412162328059598209694796879202063258468044966906799318959466201496181529781616853857,0.0000000010727643849591566000696641269920788937287971496116541766387127837012063552482936008190865159762848697232400217314667428468189375604723036295563770903893144874065331683920142811567512570414009020479760516824193953997744995391569821291179785096623206943082522512332845468738506580837850921407580502901632417780104800110421369621827157258031708789815121107169554171936058094675293860736710060853179722252986568392246807203544128,0.0000025159196070507169324308267179463457311287393062935187732641442606484653278755695979421285066075020213823723231461447119789229304330567511663157744008201258651520512522046588498210731566880396703852716672654857245206725609361813661074041219075738368852743129173689210870636495007299639797321504593819802061095434210021133364291493303516880181209198740571283294853653983458768221850641560792422811044898227676724314022056537989,0.00000022340925600999094242335275412822178018681467680113110730909154238729306272535927664088534023366265164496339321920810648112364584628659095162342320245509391349801590201004257149328929723008918656060059190756722309127541228126712293262558085850017426139464540538349983738685111443521864000748775844137738875296767242148377836337180940758912956369042983977869397519828723139003248494614794993693445038314662929988142494301235796,0.027059950905359923916215912774121829044091976613962631385930864769167014446655808667187747264604121072464327026304812523218808379619125933508625770172176299439519273021670338421878229302113644729241580676000139094527304422008783399355189836404679016372628053810248968349844856083314896882575709595542643164004315582486650035869900457012664492386325069651095960302153434221493452950123370711502538583589659788863414663573498579,0.80353349117940423578069525769355450022303253704327080449092071253093837605553749833551136868887923649682651977182657501246498226693080472331510019190209561338007431605031333023027210615145483243536260222583494173537028914158946273525411359427349724128979307656701721743253669691001728847863936808300899218106021007187177778349778378252014222339683693818042591188108138023728753204090047598468662205695288514177431286328736013,0.016700075835847385024600460843393862863734000466693572957967880613464954421192621467614187823930265251864670405357015584521758482004514720442811828530749077482024911126117613981077540597183594224792607327929642056566858228874214084486373637805697189767021243283034610558899270892531057242755410073191850574490315380076844687436944694208500741044105597301252178483020098442140793450760326845332575995943692417667366533310720186,0.0000000000000000000019757147406238200269760513550097292557146429241832706719462242462268348422102882857748616090054847612592997072163153302465957510278370942395540792751922400623826052526668721622371391711770176211043555286818461902153603385214038997049699716155205502062340590896305901121868931725065356123249040232424289710025817518221888212625644784612957527962460138700411684371982228523079509822684737407800622687823623241175538162655026034,0.0000000000000000000000000062260232654342596172339403761405170275818776013180047285457347746160907811346749681216932772972746592655287649892780255000480699374834565096250106667131344803435902391018412231740236857205803653895810750983245658015718697817534839991578316548212185563232503564547887796338863182900668233953229598089400319035820704579736053736615609158622502751963815214004895567997906939383845556707857929168550746953144337399643420967366441,0.0000000000000000028386515415890781160198077907267942425046398603177762211728196497231483991475298747651447891375911750600179404691407051416416887909699448128329933712460362917464078530638328081346787169705213157485363735962461450709658345015953817950165219935765383497253085910700196133387750931335469009302786558101197597318235503916229024246967775596766502240122684998632738729276162092370735159274319581959145920431025851814011869016283428,0.000000000000000048886583445178527131347839677888276645846347445454560800995942003126757165674894134579540534655620505823866301885784193924336202153081748655546816397559400909844807782608867120239165896844016050287134278639178578052193125045686031789506198807570897689247840916910844739264212784297886598804028565542371881888444975226066722183377347749332578804904290532858048025100390980544963898957939404429954053015798436195281982498731142,0.0000000000000041002654522108536118204003727684496720924283378279264402982530837601399420897338253801062194924591195893021572452439023779937063589662799858972846857982451004837984822602649736827154568249296687460418373454576252317451759437440818471368053278504561943563699033890932993981756332460503378761482845132480940391395105674803803183762021508091289094789236770002222328231115766361615485730170856254793371881228487804585679103810513,0.0000000000000000002780332059326794253920484524664680507902554155638658499879443110544606620210056007242819963622462372774464472719570038056479465042336614498821375812882028302639915272049011778933532383065098783876210197951040305397232966575124106501628375246699818375928633190946091261718514177447792397307436113099417123668083150746931739066636060359209800701846103848049374005552318195331355486620964506682088289965118631506664384034236275,0.0000000000000000011097588887999540036082120722809923371824000856211880802470498356614547721102477300662647695332544795593112634393104378252160640403910170804834589470647626571274746712154622566599976482840131242751075629130408530000159364403812731899002239593822887862879234367242914817408937970068266827336684224468542538691174874381680769670145811267869547443145513496703186182619080631552659546051165419903347944584207788152530674865066102,0.00000000000000000000034107146706674470660811345613509847532945767162009205354094878042333763581450647438024556575429351240368731927255305312276041515430666056472124167526220214911651054256698450396556893177270650231120536878353629755687744370769208919661654710839959206426077564095270112567430019626531287968669359315191286965678772410026230121861912987333546034234654926549717154629941873014374360632023522374508972782634232227830606804444912926,0.000000000000000033910395740845561333353807772345170719656653198668895144424465706309790178685131829743999367741669327218277648587834110058922174297532371432075437683104144550954242701521643830896593107945110805834546909362238659729696388892067695228255895769156905431177379790008888288728633790421408178057880816946587587536631261894436371341119326787979244059971534702114959097272545114165355430637526084029897999067631583908869215600826213,0.000000000000002019806909402211223966105783659003624842102347615602626718595758173769415933462010517741297984532528505849988715995955339934745946856274554195010142463011589038263103533241621479407335968883831962469721315232316943777092903898113593978235558249495016719382110469808860825753353547492538198229642770327909293559870371451771624953857999123669948015491364522301920523282686406763260095443973775523795951572421839031056689634313,0.00000000014172766869895522463453695545274429047232681215522872854931657766362620557986249598323357213727060292945494531834121934541667185137617112540398395436996838854815879354208573906274004620566228584150952297015714244741618011844908428667210127193793940048608209610096269693735986841356241621968027680923381282596055691920425531353332785655916717005717728547601157912192636652192637770202234225593833636555236224620335009494129337,0.0000000000000000000000000073252841882615563082045800400564980257756637700581334415293380710101185177428339208945711342497340257765484022753020742114596461769896763954183807353020587321254340109798964628728327141573947643716746916049405956531953621655287400911639308479374928796164369387072845260015556308672070847584559266011121066112886565647603668506824234754766228930652591157958581999621840138904581018298586555613739878844042810640186831658410013,0.000000000000000000044205615166839530759255620256452142669315000052559697090788456740418915261561100497302204571831148970550635665517060600788801677293895681806543262284355893483404110723900905509814985724629757900970749237350581245174377696152012625646331504682427618980425239468837252341685015050371967943942764686793326452500768142092575020016249424775145484367351093026078324695339035762348859318714182407075896572344857255709369939453831486,0.0000000000000000000000014606278743316604178756537985066549069031388120419211587807753736942421688596206452889993314324413577547888074535678401353092932664256998265757076465176743997425674499606258901710605375998793845570063320310950805359762136205460974211696739314266495180482027297763752743269450048872233738316179477321482599200665010517805097370662407301124510386668644219284445650591252506331481110607709528627489228074931029425755472293232824,0.00000000000000000046929708786218227513810705611643919781298233627766758254403726727260659134980071403550736620884570554406954777962438792170955283485073550534709828559722897795060392762187153178494110265348326633746911139624444332777000641847230202542564709320907600701322452283880943533206011771614570402685328543433155759529724224409969875497315057121033974662455817770206082448945326223084052455974078199194508748337060979600508813108752351,0.000000000000000000000023363480907730756959918716018306643504050036244401956066903553959439904993171843814207767389142133685971269280394314256751934387176872157744315179659567857411188904611524309654515381147890167639172537869366770408733990420661080271622853932865570915657644842732902678441594174682639496354450447376819029544092299089494527026957242592267286820332196009420192867184362067478025343750004040550676839087929481081066446385423605338,0.00000000000000000099656592989547873465286884846078894127618630152566992998708504724213549085326029802265208580739335471238579133188605362221982270364893312681849933947451470367549778983771226238723923872940560194434320848955279290033132424092205879706223683116157392043078139370625023187241573373193180391687484092106536473778023169404058554728745095219245375916632716786460911974213083892363246873533062058440573798278039763515757062645006992,0.99999999985000980288991765378061476515024748602041347949109944259344793484865269417950777477091980560352799048775031117001478566334718919910753174669874344351841743144818255773524643028041469824527423971483546360628421520296941190078266939195353282801465511627087366091241282803939829741810308647361352220392445493139168191415213595116245615368162419574787648139611777342888373997043334750104189266577022484144135349912307477,0.0000000000082368732261291967738874294085490450531008034453740272891148440074845765595565758060683464025095702326621536085443285909919645317838343265227472487859213574227918445403362661417229869550757531659538411027066754617008748914403599480703698328064771220835900459189233858415600197733921845764352489626345031596522454000065207810272859663844235921358785704042740806763380318688761494150241749043466782004147342602395858423021852019,0.000000000000013118908219810458281327609639663490204411776973638636812883018228742886484233108257927669768613472216636333397988984071976791686201674271489580783053696168766380287226196260849351482845619303968952805956702737733390071094056530348171897655148293101926093102661845678105122800843504022720246827602120430482058239887368899278855423934921738381527120810064393228327792060449733769276067360424559252957279957254385062860159894632,0.0000000000000000000000015621731366937016515888338402840273823570776615360744699401701913707945096153183927978212104901699475433659924739547523644600048643396625766483354795614588580491082586379926960177596511313178050504592206152850630543308194237725328957105371430840452506515809300424663162038848557102275325612141009041762304077305097160353843698015553882373147122122214197429070610415083610561329273731623361796969883352868483233568053520774373,0.97523721607834670576986036790536271333970624970568141972631651107901912363104209239242528374688957387003678366475240838737804863911471782985708072954029169431813949653121654908066081782758104584090437794097629190019771144435507851844196177918322046211653121990708836053165352468022063382519292386381271058279768450995114425017725677860334666579219801037263641951905627136668004460200515027709473117976763452956616500730080647,0.00002750356830853843044593267307481612800960009872873650819416996421848253203019524507510923890629634378351577247386977127160421147042780872682688066546367456423517987802137141922221221804025901922813745689311024913162562004560003480767955499302903458566532373795965131780447724047576447793883217638723814426477015912076228321825104908875198467054641941012099593479659347005602965197138534475112483660270903649120117128833759085,0.16940381751360632084838496717817605166937781880695565929267018340811408657509703337712452681911696826244109735979480356233082472300072610730809042929187537202435451264220021650732016293405032677745164501938652414377210469849628209427877823081312196663465392014852856987440730342913048876287164489993422070793624283716861943571814790455838033301277519954562789384354324484106645899885655060026384956189392994277069670093769375,0.024735280353344755799693699421562470532284150195589843765489318956762393836927712362499607014204129786179700562773721841350347149414854361416092389794244631117625323590762079500116969954378695139867484602130597850670662935599321446750358665823750503297803456354951988150541998079303601696868243959800051272937545330928093466604492172307901349537255570217242584546147135163263925746023464378154143983629656433942633821410855935,0.0000000000000063276685818599766264110522863235159529396080066117139947231097126021532111989863474274841963410888606696859671982526141693123129947211710204286572702323201325955697279021049076318063842743513989649213879193691387212885049687735211836184832501415070046611176455594822029909546176420530205200778605129288459970442190199307325846360950032199373349128894499366236445987407801640896945359063449715997548209621110333148550869808942,0.98329992416415261497539953915660613713626599953330642704203211938653504557880737853238581217606973474813532959464298441547824151799548527955718817146925092251797508887388238601892245940281640577520739267207035794343314177112578591551362636219430281023297875671696538944110072910746894275724458992680814942550968461992315531256305530579149925895589440269874782151697990155785920654923967315466742400405630758233263346668927981
0.7777777777777778,0.7777777777777777,0.00000000000000000013590896186383121269754269890005126916183519331436163301224729464336963716883182056750048704353202068105884173667052881770349577946481279447996273279441778057760908172367687846902374058132198016046469978621929811275724226205939336560007978101985594967507061967753341667018211697168744007531161179020335123121170854921650663046962472578619549889291693932848749542288836258316653927731754837224974652930270993252858725773074609,0.000000000000070320911058404745995516819108856431172957615392800519392828952678788179570654545058276543294254174552889998590327287770085370742352672345675038021205190965278007888283756127858981806430157733818105289843914582828137267993008741928935831226128027532811030795483912773058183712703582019796749444353983477389701067351072407297991741114135702498159577335310288069316060103291343267717468853975125413126929877263406316070288510985,0.0000000052820705866647914708881568408398067744290163761628255832896473551575506782530609819900560506755276379126228138272544665431574676033937148814051741865331492476046014665267810535130762529835055171881616680112052422751846037747564661318416517679361004186410661808441352130113033642375932965630522252454668716212805662337883056599683510189781464238310248642665496671181083168947053312736478879240592040666504393452747408000375427,0.000000000014644727809546986548357254108975105436791489566963691578162240231197908378267089480127933857385737278719286539506767014843480727165788299223460916754561349463429973540626141999227006007773573002991788598576840501598580434547920475628903693252303170462360634043798548954659933507094847539140460626863098958460140851924240508121307194981865934024756466194687477683069791237422928492574619443685847963788787432795584926127351745,0.001050129824198288197838734036910269874664748242703758214749229805813435251365645068766277647676248268177981465717821550751670197464116083463471157124946434182619161598602970806519576962638609853636325706001930944408617140003412178898398903878621455362291800615062954180516664708672129213393682664039523632652622682275980448827604865014528782504653719891665330583913761574970570895807771579835993429541607578944662453386660753,0.99894966499613154629835806541483083430574086257356948613633991700987724731840347807227873467222850320921837368672140315287074529975367387456114839776808354912675880358062809767750985573158220461729391752436456217384509246305742210803874688531597339268020246597291900545899286919018223345454149179993931588371626530764350736007430115940041172075900159660757646328846937999523270846608561667876162197898716084623751007321805079,0.00052988133016132234118471638501538657461544501842013519058027038397949047958628495354681323132989090858264866955012484446651095813277140403552712960888261873304039244704318359196837827568800100119382594734380452431864594571171636919246804326354618086158789089883462579966049272056987856990709847953886152616488117744336454107941471356533406626183150290421324542974717747828958488459725645540603427609932772927015348036253452072,0.0000000000000000020279994923232720235692295997494655420671357442680009773927882164633384564165569305112637185187248317575573156282980905405531996636069535291579421381798549759722701454017195533022023188865190179629037849088849580382819052728284361292743962526627675538367161944294703536046099167874901017523378639374171664529578838691453077655735090438803919310373111690956176280730412407932137605411917002019309493569969921166874587114912046,0.0000000000000000000000000001943511447673341141209027902227289404671819584503651874198735642289893443393334839684137845296192293506589754045571392345754259455998535657986684347470869684025270169105267122448870449605698921417239235077667994910992831460793696337944881217676134241142243950514430175067120844885736514471726315792557833192417213972523616205091597643555455830886785544780799638753078710863407476325133024295200840786309883009443520549908144,0.0000000000000000028386515290986044872190208423589331965280144317333079456892388572704102062129346880759706995276952808426219941993426756265405763646760026717956918318668844773214119124248785763788261617932599243875909595951622252090903315124923013797222766541460959322562838956491523118584127926880946064620651858546662193552488716333943384420229567920730943648769233878720746006406409486902260540672061837743725277847699948164765242167537476,0.0000000000000015664251745897735019437785728013170354830605788893293292508877844575483589056251238186378183493819153642422664808049301552407846495685522461625105783218313985571739636739228681783470178420903350781713509288911208056831608103652187385874375612617275191107988485768333772066899277862569030136498796780983448576721890097040065881434475578352271852791047141650186510116934262808519830522800962627088145775425430906379967150355369,0.0000000000042087737083182087629022268551146679745260088129670701734486890058529793676082067516290763322381051252352393141297919130626558093680281507617245771568706953816392565520034910430624457306301971811064821029965883797554140092725016458743106615045804200868259757723736551900561895366507495186106441021239427625863690544693468673797842825800548007825797113162400439416184368894155933659686407777669360171344916540143837754602690203,0.00000000000000000000027086510651966463350141557800889745979479666309374233404567737745837323157131867548046579540759113893009237161741263820285211073460996784515395875233142589457529031889351673527859452719537826684413592960890317583557955159495498678368181809184461161510745041565762011122970798275519200237783049322043696936723372771605471784540214263725587919177916352257619125265434471110830699695494303425526808144996690761068360982430986433,0.00000000000067438527762830918319233726192970427194586346772280782852561543027259024134308596564484519687786120386293738014114441638331133390330603973916210928883503452201517605302610244253321208702045330861525290766557120672749442335176743348817992984814104462276996473840326120795613707374140474121605211822238634417258212950939506128028930332083863416593065415745857642835386900120958987359872345525566043720531400596529755464538351193,0.000000000000000000000010646865141014255958055564616906493544132130113124169614085093707899380252645072008294745582909760363670109213505720585635714559309218169575010823526895985763597569378729080816253552359866089713998945467291204523138272439690713128797798874872400020455582306872258728013075036702450892433788235837762060848521487428711715296657951105604440010707711355942199782634170420624361372719951997987740562158200889807931560673521315777,0.000000000000000033910395591634876401969928113111794041342475487701545408461947408498338750700290595233346762831270474052088303186387569712398865466344007671419801055114558329302406780432694702809729273200281179914174015438683630831976099592011320975978550745547128589159449661055592328086044865427181396922070712357062438860507303182360341564647424817241228637586434810983006532099747722305955759290247753286749349900057265589241045495481977,0.000000000000002019806900514767605931949449429593969681193053002021355933410643775914129695258127600855721469651330965556585014522788059954510798978953945026721911105960590940749631473894439487097156575377956169319278254416742197324345320823184588189802302919263013128575694784734998256514837994419067886437458067418749202992246137733803411563614440515277779279440375122436330777566001734238560546006367673034147238166885413419944130978328,0.0000000045412416360599180884040620652947102401864473592915392619426291458445967161494133413377030783914038909610778421568811952074452247270919383907517093968382348072791616737087543072412356500875089870647528199298785640084490150764872167544969410057850977690004881060329078941395867957705901178751102431135542192010441887767198621935039819410545748392109803817335599676951132554562626940650908273822228198510977722536018168149308256,0.00000000000000000000000000000022277027353234642865961187647632085263789636258825280588768298986522838386513372568545933726054308570209512879610691961770964448307752167296068833250304654040070261768513204990397977375517954962947128405262274856098163114774173022517392842080903179643107119557915373923451006691002559127041740428693676465510957852998009931026266605050536340765961720240246387069522967766403679671989892314482626113160285221369782177667229443,0.00000000000000083855828240435502085020995354441425498744874627342465566361872091397745240593614774125481940814920542140487536305170839371496746381864909208653989972692990512896404566888144895524355845747842150266349992127548097055365511349156074096476658160807606486575800225504917873961420546639296756226897149076208492867221690715070933199053966005844600946440599186766129432107508806708217419518299320389524827658573223246391278694984125,0.0000000000000000000000014606278679046812341744785119701420001956067825886340873762557149903202668613317829014728950862516222258955663078449400580575563316748024966599476699669475340034731097871558159172076384378594125342403195169880290001602347839006074371468401613677376864176328758930379729245437726847641831928089940581615411627852800408242274287786624395189541549883053516424674394139303935345985509841000750857930490668969058898899430501468576,0.000000000000000015033894270163430274625744540846176307832954207338623437036102813460331944409669546992499874573307496864558053269738444661698404723130008224348704330046334856983330730557509371935727795942732572983796564664434307764655378194792707321741259407661608882508834515569577729074487114785378218303948241042590890654952171940905568137478709810923927524552093377032316399275073090120746746204638821172485288160778413787786612323507309,0.00000000000000000002398176540648885789825336270493514123769033615920511656252627389462718455986568760888474073279008010604922984855564952369826662743844483274413914348785505585771529476153044644300827348445120259159307828508171015815779099161848092405244632131414028651878554448987122186008376499398352893033068651371856270421948339720081469842323964504877936109243371418095765662518272537778194023599914007588095145933938032963575827623245609,0.0000000000000010229387665835659467648018996025566597281576423252459367901171475847994132478036444900693084867935721320497202550510959500689687265687769578773318109185151870921081011439075386427746623147886003834025253661303679474238890264277286781535170919329110578004361262555607745768064568662139666806974783563278443005872294302293420444686343174802424341787010802076509209896361266500337532673339232780548949347125486151604495692671663,0.99999999544986647993201529535212468347097277107202280524176567102057070764875652010173941815190104105158557556181047421877652606402589055970618594587987631906151655505848103879399332061949350440480110683890813606577467408250426502934226848183516429589607078548018134664104883169642326085837244768521614298055627991434544315411610218291813622343793180487802125490956619403078268741681098888194096877922868727153045913377313103,0.00000000000025712170876219105122065627843976610315360437316095499323217482975386824950874884599454370699139835109039159263517781900729773391426252914899235957140388565083570160112937009364244740581445823106039006763109143836538581879773458756541380476068976932665656074020065417327241545793436339799452435286002907950187202976352690385088998473557623984496063370361125619788669755883558968369665451332910083913254176434104286377459935894,0.00000000000000000000038867521730934138538927761202268523043329265261549841580362733619577851289955233901059775771426819382602267912570290921501319154858010516200245499398263604037003780046475257044391083628043181865950237594675587350121160236157847880790432287757208162304436904881642979025104388763771275157142578432785539780145296189794428128190306077434340159721142375800111626804411424139622581212817640827247088694145720235323020916119010268,0.0000000000000000000000000000014826613138071420815711114063726821297978356851400035276315579840456516186002364793302977366000288356445490564042897914750278748496044168880457987126964328587059401857266653960765537649447661281148510863963161148237018601191780422613416899465978618717769647554387024484999366143017542023822055176334735596812776346129934467766203069388151672746585693778706917914477563568166482359888692416127384085956196798510129524964465186,0.99997441105686597824899795280123256169442494257424993392464061466163341018507020278405994586398660560444235153484615516388668999416719927714297905999657722831622465978763730974036614833942743682574728753236321895396176638158813011757610614742472607685351190876737080793505694925220198742204974143029055370228341991259656292013503439134882013397238581789888956103763416209251579583809805634999611261488171325506154384054787701,0.00000088013176187412946675947596761010983803281211865419072393430440590029019164364982955354744981697229221458243919553576239306521448555674916010701797633417460656674894739139994274939197985181339011900985860365757828131714416113861988819977636762964461463014413841967488175281767854482682801959820570157135858792327028881933466300216036393557023404441501539473339004246320511748911088539897057296002882735427475575678513436955912,0.00000019988288452998249737650191807135416095398669466314189358448274526007655620740468662449602116687889552843813376424996718192034064752297002881266784708090174351399304170298267053394194006626233676826333996482165559325110854612300821659934652049394289433575592424500200217168459073920449098244234428509163554616274675280682276685098090291119257189736062179943815248623081505697979864612429586909243350575900192428875884648186608,0.000024708811372147621535287722799828195737024613631411884635451033960689524738153566110500588563577423265433882714649300350916940618315166107860832985446437509168773463415298859691102268592711360862593457778177388459952301267708743804005652798906293501873461088490772390061297930119467751122238971503744726357992164133148260530302606490815930457380137686095044228975795444279086672791058251033314425089459390663700402666988619152,0.0000000000037461017486395181448559935060244878743862771132031763174105000122228142475165553768757143211885446920816715128923426897020820891942321435238827246008968612981118921976872074119243806960425985186581949954406279674289595354320664841890229592388426152082276950950098830340578445237167236715048263277911918226656098129200033442983113414424805829810113662834867390622072461640119217943355780483572911735626916007765889902820897777,0.99947011866983867765881528361498461342538455498157986480941972961602050952041371504645318676867010909141735133044987515553348904186722859596447287039111738126695960755295681640803162172431199899880617405265619547568135405428828363080753195673645381913841210910116537420033950727943012143009290152046113847383511882255663545892058528643466593373816849709578675457025282252171041511540274354459396572390067227072984651963746548
0.7777777777777778,0.7777777777777777,0.0000000000000000035029152496291472050703118071712999119797847678881449035101232556549203795318013713257131740833372186964607795883309625584811235576831407852206803487435601371895225916743976252586211315659627110089253874708804814085601875039543346426742365239469269072473233311241908118079780611045614065939577140024435836502578249355084358445712859698536225227022832834081994465283061258284409055374987560497229343400798954367594771655828546,0.000000000001812047960999229167266544297222004658336029359581392656214430675543106803618040352862499215677817193341965836468099328082665750173965804022983294240725854176022096888050773163159590763276291833728976732308685852236619984774730263882214241742591990449170458615615323362960688771563274753833236868209105121162572010388661972152747787500994676973194375549314848939247577899389697982831579657309045742837850197258002493928730177,0.0000000042497374613791169710234841491998337385546601654970291600949381043037886717475586505772252109499400503217797388375744216530212095894657327997369667916504754565058135324940203920643154202190574462489114612702679724371908267063715181798377710070519768536560442120515375403090083441632607621169303247421228113624431287153408950909100168892995784307343153268461340372476013063095597004777609534684896626933841069405024213289719555,0.00000000037745296312488535978810515640280401763196358336613294765302087305084383050347210901107346960238138364208679952231722362538942492560922279312668113282210525329150243407810213068006918435477863475452809373417143642798783123475683996030056187175506143437288606062683394363470786369635156297390781063084301995553111970795550690808783344151370072850278900845398369095922494092649961425405023066675471054341572871176968242644206085,0.027060024935435772081001427845422223388658531460896577773712516329436804776299533110506993635469252023382059022324836807508460541474897680293191914469012244240259448547822606117063899384195834434206817095493774549991356978687063445904305787554890181421249376534818336517104517857350434660587085137498986831179013339822738075449183178231221173302780072447177165701951476347810477388942551073168291624212813857303554929360448839,0.80353568947035851719711016568654075202189569857365722876522229012202437104576241009325178083866456327443018554855345280427448417639525001629716942204272427221831896908786727422575849657647655558709690149834486976759358475541006152142881937623222600229069408885504955075106313999861717314709459474417795117856841731976609516718831552945888963340155248410587550116618025606845191165378227197736916915496997878136364026310049457,0.016700075835847385024600460843393862863734000466693572957967880613464954421192621467614187823930265251864670405357015584521758482004514720442811828530749077482024911126117613981077540597183594224792607327929642056566858228874214084486373637805697189767021243283034610558899270892531057242755410073191850574490315380076844687436944694208500741044105597301252178483020098442140793450760326845332575995943692417667366533310720186,0.0000000000000000000019757147406164214768736795524549275877339764613394298835000511872456886717032958943860078257337526960742264829742395419897443277542663264056141318613981309565949251456692979009009189727461768859555829472030810992828602866264477606843758812851566692200550551670440638193778009398551904682467127522335188405177868366370354152301471475042880024723633717259736212630992194712262922513214209337191907004563514102860428405845655903,0.0000000000000000000000000062260232654109600736039214849516966982408089476477901558466923034863692354423547073947512357764572132915349726696066723176271797285818825927711540126898442043295870809108070477236090755755826692330768585855414430731852341855702511827805690421887243933561903000639906065240691983120859833662407819546358124451606400301277633606461576598841155638072444573687127296870890502023897379767530114538169612036435981150601497539684685,0.0000000000000000028386515415784550774245509588486192122136881187380061481987137156426029155573029553270964207280015355500467818210895777978231051507093851025134817460909533311649632854890288594600328145332143462852571726101383286107058115696603937039602289897976487725876372237535007566718702903173687117119994182559801501934694586375099232106444420967569547161328129245705167858582863093045070941037208151600839724980469046942463368773546077,0.000000000000000048886583444995459287839858423033292258613366118940313650096968349409085075895299030121842752501179888713823347514113429811688101344628266428428955462095685453902413438428122892132595789764325176121666942670563127097856479171463126823934365858028932522548540420589023874084980472810161001362036913827293204374919445318259092757705119771953318439315139826256003013388711866765816762797775513289957309259776447304364849151218123,0.0000000000000041002654521955023142274406876943751578866475386567918490962028882008685652727669180973238492478884621630859757849501507444101317332215857722331581718977217958908555340833348291933088780106338098604613355432467439144111320605643063198790073169157750618079453893389847892600902156383303792414101749588041613270148391069421328789953551530825652865619390576005417136527756102158535843033049126648228760427160980909115808502027211,0.00000000000000000027803320593163860397976328036367251318916827532790935368201828607758900080078853823052386711250367605216495680171076373440368579458875895117669681927799822700405909841634056089915488675681396294020455498661919614181762777001737602784083634132238617099040488059352268243069503393511047496175675472443979405511360561937679619221748967251097144284886053957414389715343806312617028960118437052104939469062504713328120210758357672,0.00000000000000065699865256798564799158731771127285345131443212150479264230688898008815658532663254754362220883402235414784672426716650965496737778375536675739147042698355078452814012925012150037953093721951887912302952736011909454500316971267167287453794974459494415881881091457552999580193782554138146642401431499946003459593995957521147923776324230666833092330053914240213776819450998974930770790704478472753252380697939335764204448880808,0.00000000000000000000034107146706546748055634749839231136062378671076072310897081491006639695092342363647759295651654689055478824018806382110888269625118277407558348622665746949222172277693473954726367534047441902895532117872477174608568401087894411211158636165351052880380408046574057155539814152271951794470365017875421456029072675822771778410705989695670771437399902683129625882272168767740770691893889252091298626475250637526722528758255914293,0.00000000000000003391039574071857551059242828000037289741994038303073723742541153266392814802400676064810986801183562931392454576759986552969161166121807766757538348911481426122302429894412171448556278825823602772484143317013560659885010145315294457959558478270165684395745474928290595464841591715850746329774833830239796228619837457837085451998073190844794276139342155025201136946012758076010072202299266857665934036935810016156330153105756,0.0000000000000020198069093946488034295197213272144173764304309286510960272943622989132813005722778516097761373737197004165790171481013866888289188759781749541433848893971770054964602393044764404383681804185642207255206448955301862880059164185701977616128158323430868894714352603897411989731094048690004246136908075921886702656285598883084225293989451783700155342763216784417696146231830165638600030786270007254083376995012150258450087834078,0.00000000014172766869842449049756812891547776304696405220474094209078223884979535730204431920136788996870437692107942282266079572010517183441282973373326107547653189411709096672678625825897558425610651483756915570231778563196977317596709316039897221918835744420412258633999261135624943042667477279937616850857232527452131934451967968934945738816198735465675195019725095431565703102622103193119444756952181239984428949586731701488025786,0.0000000000000000000000000073252841882341430186503555484535845153185603767745914979407697410563748759962469061540595741824148903359092203208147605697695953422640309062938087045742123330697533956571571213566021940124664708240098845001469718813764702955497344966929833220958260012741686274637035206134951688051551254616190822046288125187299222668594242474401963357863576403946565060770995102053618398259651919374438022685998782784931103177120152862453088,0.000000000000000026170576233868581144925666195381551162435287768249884430676812877674524963021904344942114295139812225438905743915522738105130085770040813115908717995047538778425203963831389898254487404572909497481050873232122128356038283497766722386603533574954523903941752081931843176982552863422161841957494816297338439848894568061029713913058387631891414277047673695516514990827775411855413758722402642754672117560336200969423967961359365,0.0000000000000000000000014606278743261871402302309025878222804426546333082360955646435863536474274793912131180703281784972770249670107615069748686313851495374521138671266276305860204338426962086592441618090751664771451742687011050895124465007629010194717853411169495902080958492025181169997505905883347390985291109275358802511195992961818834189090822441519214253611872885168583483583048783923359941219722735935107939182717637165625368889289674799527,0.00000000000000000046929708786042487669082451109523724623845912711510317976078883853067107047058394959604507739158270347710402017773768400911552123206324853781007453477901770750330058777835754345608946629714235644730502899023876561113218257175319158621682881128980081079895918514502340396774356523150051931103879263421614224617240859773683447969023636224362420840323652642906049135860798693681090192372687956676659383268520007218112166153721923,0.00000000000000000000002336348090764326665552028102847864664718621297929127062538228885059361345828218549868939273635551703942629296284185931975222284650649621811046436143924933692398901072121271308588323455511641686136374403654861851942288254260711707142686721127731419852798934412393483182874657816338780883235720441256485473370264375384168514892742104621138925915055368837147062966655530316343751363204338004834742531837068742130262785775557393,0.00000000000000000099656592989174684825700158913760001779848827527544751789240450457001352942672066466251111989194824949860748757423914037390964806923856295270559315806007577328528722990043278473684018957698832463529163045871581708972268201925829275206762628640614448454633007017646029846711725395525988912922146506424564241697212962451673277782104031197865496442612747176085078558142949401075238754711746198127308654089356096153434346359243237,0.99999999984626751947188435070678136404220077994593469804570970114671128831229061626173675621454703583251037139552281683522832566237596265462991614617732072467510875387121434735384108444461321999653959509805432852827493538706158457500337957593056830172981047295441615040469131185830437128464674562206947828938446958554988907282856636455101497868486494064398484947135541503785042577862934596195981561234869535506478696540905847,0.0000000000082387005329019845980408413245967217053785668453692597529863187764854920354184159209713235733084432677308853320067609994879727880382091640633587396963096334900456308071619379428096353720797482386937644012040272148587458866954188177844803264994256582836577924690886743858941415176984694323016680518651033677556628869029270244774936861618192555325547936152801632372364663307827962714259352792907137781984412456879738879829245327,0.000000000000013118908219761333319962313411267920347951799610772901403869450484433936585003882066189375798505411667830673833827978654345585728531952375645880317803501742815475951287043087524740283939075610938369789663077184246918046111952824726702616723308495264234395515601979362300427815245759889535094258281981207498625055427283496294080865560374542437117310476216797230520801071813342578287034511324890139904641724841469116826324410282,0.0000000000000000000000015621731366878517098018133337624240024096138739813292536839559061545467481122883368991361009347264766535616439027670642261977188383253762402976503677078588937564885141053336392236242649822598632882851278839804233719300926828677846865181611757982677455127757019453702202493583415903226729672016366049443250311535017953841779791592722555292735954757991664482958050904248365479353009004510667220888572395852819604570209800825044,0.97523721607834670576986036790536271333970624970568141972631651107901912363104209239242528374688957387003678366475240838737804863911471782985708072954029169431813949653121654908066081782758104584090437794097629190019771144435507851844196177918322046211653121990708836053165352468022063382519292386381271058279768450995114425017725677860334666579219801037263641951905627136668004460200515027709473117976763452956616500730080647,0.00002750356830853843044593267307481612800960009872873650819416996421848253203019524507510923890629634378351577247386977127160421147042780872682688066546367456423517987802137141922221221804025901922813745689311024913162562004560003480767955499302903458566532373795965131780447724047576447793883217638723814426477015912076228321825104908875198467054641941012099593479659347005602965197138534475112483660270903649120117128833759085,0.1694042809652032347539715968600339696192742019491865032585369252562205126376391920866720460529036336084753301885759874953965310873055894796795937089184914796074346696474119190074817164573857893829627770030301129367415760776071156982035989282380020530641897321851044741905222037131646837531646591690902831551199188988307626734196123856508552304101076373830260995801524070294643392935200384063788698907650323319721846179290549,0.024735280353344755799693699421562470532284150195589843765489318956762393836927712362499607014204129786179700562773721841350347149414854361416092389794244631117625323590762079500116969954378695139867484602130597850670662935599321446750358665823750503297803456354951988150541998079303601696868243959800051272937545330928093466604492172307901349537255570217242584546147135163263925746023464378154143983629656433942633821410855935,0.0000000000037461017651088838417347052384548250282116075572005352700209428228593652526804109456081164096733872007043403549976565297207045346218171364912683486487400519187734602778259569249793918176965661218945989762069524800566799464456403070737508022381641431777604446811324160294234667328263305609077639524936329705204887319224549306823884832357821063253392107459367936704457957554638771693879672484886254072542674738209496585835700659,0.98329992416415261497539953915660613713626599953330642704203211938653504557880737853238581217606973474813532959464298441547824151799548527955718817146925092251797508887388238601892245940281640577520739267207035794343314177112578591551362636219430281023297875671696538944110072910746894275724458992680814942550968461992315531256305530579149925895589440269874782151697990155785920654923967315466742400405630758233263346668927981
0.7777777777777778,0.7777777777777777,0.00000000000000000095579431932455333505636317178954232596952333325364925788515631829635107718648509205566580454753048553767256745511954132723243726794929071122274171943009984363594673706837314284345298604342490253171060969265176023273042803022798812466947975560260038243867187646665639125464030736339397850241135590490860018097991118826931271420220395032936278570168495257642304253102663668035621915363002439297648823643255939629994890200849866,0.00000000000049453933278286122773690747860902316885235670990399048675366531703178120385306391272987583571142813974216471940186331537024690128605396227900507716406970295514512962819374710923015463954543490521938472640805287129165086555094475282450368550567377497088403430262979508783000655082657903110982337558743861373514139594663462166964172752792287301237150739633873723781319531413008038437813362167158434758545793749217534317707630023,0.000000001159569853891538037658890052699066804761560536532378844014990024097420258303156275538959736382525153997878707577085412266790632543790427968588876390865472402550328209563896413607729634384790626297620338860996366459768538201279626625603723988906452561198014869607614111408037952750515751847261783808318802110952276099410615723579204160507076958047822392279966953259617863474393847663320382826926111930925720677740313838393851,0.00000000010299061560372629013223663297656934859905264584345521017970802358115624910622120781162202583816850621251731298541846141674898329419066171788398302182874080306444689020901313874526989667784628150067683896316422402018917858569947309551153431306004183040495035572440494190605068699472965949130267828599940993365420468297065376488139672305532411849875682516111816574312783624795331595053536491606113404564300365781018929567793503,0.032579056705221811196150418536525220769356508095706180299762293327539543196607572570985617723656992586571356774656288547630617571505611203451313056478498741495789255829797444764452652324372408420962784994306965504887355874023181211630034792358855137829218640765838742939020438332075287008865149656490231917786927102723959916319010333216129876248740885391438443223896537036011760901972149558841715015065358681999739174005820295,0.96742094119961578516237279502228513650873551768317657200094010432737244309371758619082795858837975171555513207328354421435551147269513851833645624505302147345633294107919941593256531293496680974892671860190664381333332152012768803395723084713507290001438029656786511975393173313357953278419878331873481557798068804116423377649904617342986618007111734833468595168317214276872539647433034731149481900949294387173810467044703312,0.016700075835847385024600460843393862863734000466693572957967880613464954421192621467614187823930265251864670405357015584521758482004514720442811828530749077482024911126117613981077540597183594224792607327929642056566858228874214084486373637805697189767021243283034610558899270892531057242755410073191850574490315380076844687436944694208500741044105597301252178483020098442140793450760326845332575995943692417667366533310720186,0.00000000000046800234948085601941032641643815651781343052094672093007672033195613769416496936411200324497408309077116511614128562381721679331780567196917156798239621187826021797541099627152129490513875166922395722749086832705007022563038096033212620413504534566413215272730648267347287315820389380774999430661785706556880549663924361791241643934114132064176820248511383903736738882459707539516663886943680860754035590685857766378313407214,0.000000000000000001475131943856069750452818738976814659673884984480886197532062273521230604907117277494407173905371786471949667573916816508267248316550328119629409813931686386683569717440571691209624848150210606747165826214504153462108265805857952085013231217808891469166517937315914097732639155777562729839887984175725606210652064086340731756104485750151798089325828744594722499528939425336509005951607858584314818055854685563863345971797506,0.00000000067241265325665322021665798612332286528001904924655183602102322085601175332454047651134600911605852842329898764838875922913818515228586168703925941690859754973017012419591193386911669102382559097356120880939156629368284604131542010555805762955329674809205072628478166883216224319755742892539657540062183951830648768288946671170654624171794541685093828352765933506787971422620826195774060148544731598744920912302876746428576369,0.000000011582700191040511996922814287799747200705239179310647383489241279848803378254289105524794121036422215672700576634799236821396367362865375288300344821336661296821224130975508778492308838725289631284138445615020232666018955420478645738738058894567951626937078016336567338231540351367029383352370724390107273324871268555077698026410807070589002384819986780260617732297589328416527496493681684341386498858550361889254642696254639,0.00000097126059024288666481164669645168257166703460011990935299825481411137448554735752122181562606118576887606307915499441661140355518253074320847123711473449773102102186525137869479019527590602152572337449476161659037893893029560680486627794148334656407366434170328156969583974281583765525440241412453634344746876643794260852158048417743430818940861951004567628815122471011587627308137167447183860279751326481375785845566109188708,0.00000000000000000026869844157492054283577806363338822523043796650061702819629277067507549407039476898681576833258722381018095858460965651779887526066930937351444903316997283906975331555052524952383945252598667637338339317109514497478971837163686656671582784983384190874450901184593143814900300527181634384866374946665281843703911508285356482702330173450050100792247153323576329603844406837333933561291848978787920380324008980841209225416118073,0.00000068669481826366460045285585365828284755614801324853597551541887365624774355810567883245326085842749799865357879777669256805337369746186857291274842654789573330097261517847888767883766583073960205921952347571935130531583096587281693509118438836944521098327183424432000634462322717761478948527520475319057375812934674257634546838457630011391864328117530546893904236036324468343943345555482128408418455639331676180299487121340274,0.000000000000080792153161604274562097344246599544235066733444696766342943279527178034115210310370471060625092620453842567990947934859984449324578810027233711831313562776232156987810554502711541821323089351498661061524449898414197372479833290669366214130129433090538037462199065829143838147864576469594990118700773917718214955683609485017785182004419544390760200861716987171922600305770323618389103743656726292987619212739508405424828412224,0.0000000080326094411435292650308395944519505482238424683338973152401326671329123834070198631510081250231806158349120623046927083310851561937821246318838200220152384715890562486718303310611469477735104136290273132890893354554407850358907631359824041431845982729612021292467897303476312204646030086382039284962509295645133501112258861834301759015380022591545314793056974920489244939545880306887986018921423880210052019965215287564201057,0.00000047844679176683028668281119773863044616351379411632038553712251290944093488466103768976341294347366859800422106293357875335553916028756057805373350014931290107910570690245418939133350190626678182678968018358676704168921220933467034560892819935536740083145846363214248754608198425556844457850968939733573317576948034406758820691350476965021310749828040172189878568334769685835427839257040350400210992663029364628777672590488484,0.033572094479900715171855668769286043919252809307371750683138574476057942743580380071800556370826792958183436525126871234246519198349346053338792071088449985117933176921696606006262165821865406755357877683805925828005290549117826908020674575504070537734118911221238128247035014500283291572036168515773102667105546681396793810666183577109382301437831393726039867424870386348510591787771124007360069823651855095704472317833625701,0.000000000000000000000000007080913569852663193676653769804441631732964534520707186501782573523770095978266388138401276694988335135895471170883361682131777899306822614450236659854912676266483038452909614751793565339930172290266168453213041627851490707640807685453536108454611382926451781736117618592814775742436987107472397435752679384386697660438084384146228178931098597856451121177845897686296139444831223570228478706723646181828960880086243398109666,0.00000002735347937248949441401081972258544952241129890620380842765307806983927996619449735231709485522743790865487258799503529382110810361950804553478857198364991777461025929106941056075433433629100922088200271307166831106782238650844487185035344902418540619259641700547104498726891816631205757907227666103613240505428117412581890691473979179239924915013019004278009077584241495279324110985563702081534003778021031590462648240199587,0.00000000000000034598986526193013943080456884095943348000351424496933142606584627460463294034331704877788333262224283042951630689957806668251512285481752443951011647377644979815973931037990752873505914507671088669501147380091194708248464018013370276810875779339072558725101687270259392737912887480262538177502054228287517760916001347319112017435678057414830703287328089174258561589260537596737519477692249341868587459917614963613376658833594,0.00000000011116591641902593957095454610848382781361296223526677508274133538560889233360359767368085008400781147042750848058760677702288547535991175469311230614023433294972565259394554457103127805771205985154682791638462174629517843489489230611355909779140476384015836179370059158278178426170772099862937325155859412186906726836560148343507533630537063883374744775815521823413458619313203441796322571047809834378274089062807980371806943,0.0000000000000055342827241430142306935468448540452544029625428409929748594161032844765995877002616484601713759914244354500084110497849956212206661634135934615180394508101253637037795279671706147151133306897501100749885393325855813556576046250677335709220492606410860870120378911184283661133137967865397769529052182057127816081805474051756178965303047461526266276355441245047433066640390759078397815172928733329379946327493495199095280549447,0.00000000023606403647947500824337957395766497746438521205241324818035948706995353259483706075683534965651008290819487825149502662897642706709398021694341516969188794241575293071950102821836521317341651992949633010744988438726693038450073682214284684289642611654190833173235109815583129830468043668917618151784331436191212655517230860403724008164925749988108065971378388471451392655894430521414828967375171346710153033908074179803740569,0.96642572110497626898537698907194504769452600031770577234674942343230229094487682883652245193912621057864994643970476424409679028212179520376218074124928705963440462755640636118255113990798243333905570950571077640702372552055704555572089917732864867955828405457429306567658439668700093235317946826990620787943480802675290912969190177661924502171309994208159520081115719708584801962193155056160070421783469771445962277873358563,0.0000000000079620921047018008318587734146375026228447995796329561812465423920604564263857953315464383978331861975980859316444672391218227445741172821727452317273946865769135217625239310607023026030486688815769732555702366277362362328575958276265248288219276921606153557632416484318192495547555436168326305005745019942495242681007349847898608828494156633022572691002621105830446278586953038785654181674902954317242955600966446196708460968,0.000000000000000000000051737709256897217732835437236296307129723935360177400462124760368770238480097233498330012510473817578106607658724590740590289632644470251464477035280450854869570584568193353174595321489508732193318900054128406949834394810442464737045477257040164014606555416459577810252437385104994224745908944274085395800395950200296385737749414781409738899906860716304037192860262888795542633626109743731492049469725926917518692208239252148,0.000000000000000000000000000000006160822089840118827758519755166385388472546737124253082074528823650204511217849960903864924180103753609825114871079522384777104421075829397094424807765018076592938040696450692965896848982620472290120726779187754417287129663869651388012649615126476483896058244444050384841490153585845591302021931647357379322588830858269070845221185738726786558161132891040641478847590442144513116875499510640317766378800458044868749932131498,0.99997179876533213991140251566850456326908312659876339539253196987383207111746692178917240189512019314207695533926148738633126569695105010537740934655749102766487391999080157690871636458166825082268252817507297354268002080136477451468796259389506072406005415908907407365886296739819410164767050876170043358684110814602349379735222936713469838799552906182223760877916730470412083388297950304243323067345194196241376068674790162,0.000028201131192008307140235767301687391491878523343901527431966432971326684825108451745137367097145011724399012915517237083549068593349073274738642372488299173527329130126939333963682837473595188749035750992310388371592461495645107193077379114895622718826555040034753945169563307308442777084334497770848905979761853530504637365407544273058887902351356987304917778263287744862308326208435968587078153038300980063636336336500213494,0.00000000083210739385763527809777271451129962590210938264403622440998704282891023432860479923816652558580261825439149641843556650176984621171264978176732458396685317509098306626593199821005795328447516765684492559950006956194800286915226185633832185001475314048984649523372710366577014265622376929170668853191537829286158394787412819495444861838761386638556209455382251137828090505619362245107336545715284272913148564607190870772277537,0.00000000010347585178145724856419374933942499487789270308003606369319660219770796975908246073778266184619864564782299537658518523445560082134785201107002067316159875087907148375731995258085815398856843607393471606894838673713958037811896002699004365322111928587089117239596746929449745557524515674052871750717913000044600156528236308859224272410211958119045747344256940755101685779081206098897969117350975705752260297691559816854689354,0.000000000015974363008709754558187106055918236247615325486082032753674127434054083911213771404794323393628032588560723347047459345337328688074131225387984751422932026070966832796129291895167163575641174008078126629151045186734657209543255038484211381797342209211858193933293469209124395489136992778222099691483777674991080069696740113005818387112540514269635802071026293709664313764175017309618167042650375160165370784646269889639752254,0.98329992416415261497539953915660613713626599953330642704203211938653504557880737853238581217606973474813532959464298441547824151799548527955718817146925092251797508887388238601892245940281640577520739267207035794343314177112578591551362636219430281023297875671696538944110072910746894275724458992680814942550968461992315531256305530579149925895589440269874782151697990155785920654923967315466742400405630758233263346668927981
0.7777777777777778,0.7777777777777777,0.0000000000000024972818120369237350406875307486151391107736319375618873794308401886589566709860045496392549866102523353343619349780105054189923561199174494398711564319524036699592595508278597655668940384933335037736238477608384739910808865871034468267544508375163821435993197291694317739446398721361289378531810002117917972013165097963288285340023016191794673557321698224204968579336755368181604161833995577715128880966834662348902969154312,0.000000001291836682609170021153102154393992627214083627625339562161815629302752030971069002835467651885150739507181831578605920459137459667512602265835515985734709262909717249013550231849643185254463022536873715607573950334271020684258363949359931566610120699788479637364487092615730745254310865322733519843803694718301393988860925579167926281281633976391023454332710145485955398329590781028729369622447024578808451402190794569107449,0.0000030290308050432977166860081281327135998930585930168317498985318340864686410095546698069478025440435226594122671161464774029263350655717134514637403282436756212578584524322884755514752995898174394841767826371118945046285693594841810128613179846496403261438949723607076584169440136256830942813445489365148895546894389636942077469720086026230300905182767618905793097817736201962303573695581733488433952464130755062940512382157004,0.00000026903230214817144367908632208468880307782300902977591575231560229906606287303196443236788226564612483487592919875723018004287828248669961002671141190745087126742432978701174126544913445023682268090562262284153304807097266460898450192298149530257700554509430519774461967004826764715967100093768732132842755745045003140384611809106257988867419437186509714191797805994360459251380373121601281476427686132058348058843540201185627,0.032585941236740537750266074440206230482181847478817930846167968271145970801225556676763725422747453184508857625934705185149122579494207273671434298222986461409014402477016731668385562232778155672093280057361162798836646769313790358183529319778676778299826212725863159511627194243761903572691974818538564999772883794572391137497121163338868864629717962706807548591899331894205604367403714969320324093522325241233804372373863664,0.96741075940799448059752093152463913753789345976149916866135034119869564954579877726846674973582903561917709169328739820559824838832666028132812537773589556733675171958835845711247395509186956977255159853968071147757156758641968184216638802371483073607729875363416369390637951601632244129230185031927443979535324155689075602061676134518048317980072401208676272509547903178666333849592857191853458067101294269658435791157040861,0.016700075835847385024600460843393862863734000466693572957967880613464954421192621467614187823930265251864670405357015584521758482004514720442811828530749077482024911126117613981077540597183594224792607327929642056566858228874214084486373637805697189767021243283034610558899270892531057242755410073191850574490315380076844687436944694208500741044105597301252178483020098442140793450760326845332575995943692417667366533310720186,0.000000000013784617951118194876492121840866335282575592082351183867301141648513735933766246129209218846650500332755730358342405200171362465872452672612110155146426648899391012606590288276246031435552637752681340429231724618493497170081127231711110595099096088999130712178086163697244469244067300409122020303646376834972034346258193779857308148710587703831268657404831505161844838169938955991466656063362237974854441448417551938346716149,0.000000000000000043448778186909604619776683558700662081527522309284610630023085258472683639702228398736115394527695973226621876263312968775361507713070232941523248231903615322872776480768546061929617693303961619973177981915143255278653634638350191208713274667920244874659539357816369135305141514189697755932241808183500362951078110392075355413250838184434208955296172718676015101541952751075862265499884990141811372732875184685728267454781218,0.00000001980535256056411470012505662756570770566793690015368508843838773514778917909605059193203660349992616921327615332650964323917661857932486283361592901760681449455418615934212320545277282268509980931004676447539489004771762140444468542658083473457725718269340613853791620672984270634069162031830341284209778915173297939243851354149768640370826680325257823162635281654831616797045629386593847815892600487115010698076617285350038,0.00000034115875091855392483689255793203324112511389168707006108441439929874862940219684954896916679676469413345820162572061294613099235539970670609973348056900968351454543505199386614045650955519540513825619139924003578924603131931697159040854878207807956819556533541057167753652603885948034391543305201928927841352879184892513505321081386105628049932013246008734608375283262633119404078505471387269441163492764557604740363178573001,0.000028607668705781671768016548469439458556765150796087178706868175199302105942738826032717852275701064243191847473812030802044346855059645695649130875957532030088201921882486832113572711956977467616135432191919258133440807476985810923755013742316554062541104571431840019453329639466270510592378272984518198988480524940760954722948740731197447992542835408523244360985924119264629253056264450733842006466174176624984389000510753565,0.0000000000000000000030303782385209844275383746582030785556375746341600110522136859754032588859367136713763620115461174602490710996800668989314432283807663929840833173039317341166865191285544039200984376836222949355248973921907599248055539677770439678994607362607798685787864157694823207293128178159753908369865512729615463644311910524116857994339080311069990859391008060028325819140591736602298458158879475706550214850321062582594101282257030235,0.0000000077445370415038545691330457420715953210575568862651127569017702206419023790783075257714298418157720955074765938775192647029024473556680801438204785234028339427226499807039871896979535122868728442279251690831143060666292948276198153093626940827431432534501722710022562208729187395717136815805771385689882143480841187073314156843083327533017745651164775341485650243075770767175532687592713649025576106728872127497048200739764221,0.0000000000023796653286384805720994217539181108134919174659135998775657128856740290840774369663660491238894429141582813066097433206328778080204168782650844799966911876061966746583223961373833194557021691807511384573084556846306255031859757896553796272993015978231479363242548856276038052034031568080616361830040837216497686919715612660562619646050613674012759938437106438861190256706124635312013244604591153240443497374463229900121249449,0.00000023664628286151394734756060877331556317616680426623565863233760693759541386081750360337739636561107625017442630276144970703258285276736860944745987780927168568482377293270899890302964413414386144295693535247086163832207994054678538716018806161892475258080257716816068622239432703961594409705523266113374118672168825586848214647464770157142083645994765125912398369494781017063110629518257383688845095998767099552199795446146846,0.000014092250267033660999210743564110666326959591421024454109687323165697887379382232573555594126728426163240222060333831174188587649025574275812603817258555712078527839946859830607265442242575423351943192113316626317742191054104310653868049105455702352875125834561249464986577231202321894125133365567694142139288986125673274698885351560134364613637936850640218498555785650628397437355211547061976515917849625113897147462187076923,0.98905734490845854277512927753333179816415081090828304916381498318339218283384879854482076881656398500007070865965217354939067426504678744757574587550407374897088330078470065884582702005849101502636753626737465289580477582334050834842243399437998074968459238489909124216895350055254472118337794957435043566679787818604957208600413399910842631178449466198563013588501652310199305894516999222427699973301690566333046698661451643,0.00000000000000000000000000007984075758369883328051436145581877758427111122264834775260804469690411521509403614953248156782090119794542702814105175177839370055808364443959844174857730824038742577147995560754152728844001798950273194760542208050841763913182440949673230250568103761974318354810168425527923518061645667221522981087160512787054408765705372451667816092175391673890260892863878607264059293826498154529194561461536624862168102600708711439756163,0.00000000030849225679305768957476444586632055245963854235794013702731557572049674584752293481876669640278983683878275541826575200417163683858063198418548364638673260295387560107230764381484099364104338281425765767978378702206661870135772509424610518649028033782430403466082340199406372005698268776492231483755777565317422867673533007366967133031212219926696756265218553352854024895612126143154843872333178777328773056374635206019671696,0.000000000000010190842231636411835006487001978368473768289150054281087662645717056552213659059480444568458656293164981389085651981252486430195575995533546626439761976222315759681716943365349042601927800400339860150480571760187708025583414144202177092190277942638877688470316986390270817163420392675406269744051570114009899755718950879506976216881843590945651755490924460342458994510408362220405069166988735222064887599387650836697839840072,0.0000000032742991327330772163655289783429326011664940163938241904026726615341076335705552196429665575117774939290552454185509291177022739106829065675582571036081177669101391842462245004738973038041263465509351817243101745800416119853603658232922594438150659501260756704127720082542105286774836251093766001925965604640962722807474540809605527397466469786404288102757718457329623312393444371785248449740567495240138406816355937675139001,0.00000000000016300767094526265523455676174794785731742963107133796286683932954349603679324932525291037100525928346677655001268550159960586640897348012725951733445136384782720438144124224921209670123370135224374635631022460073565956433855114202563317486438182377101333036441778048473718353468328242605420612851930338372048574250559537782269688876645922740519417955201793209034183121388940879436053858999911531276469195941034526127172747681,0.0000000069546113451022966085883255031333742965658713661391495553825389011512490221443033286224816201699660441967429905524057927824092647275769163838489209717034240796489950526542374904547066494871130726493354449637989427214471611789918912121246838448855214464123688552920556125569718152000138243535154072097105510526682966450058227840196988537262864790485986995968011218779062036094702903061843572441189177757860731196893035266512463,0.01089933926381515443990367060032563640569354809339409370190506265608396124860795262929910340944309531817612735375882729163081387889563161588979229890044323352771881519362438779552996588536026697345753069821828510777054881411864266301257988720210274119063823097370703307869510809156459480637737054920231649398586168180372434687842353725932065111496914530922092994671221779505090470549055238370975984624283475509038274711760292,0.00000000000008977647577808334698729033279154288164883241651206863809790990950658402633027051004161505094058448441647737475289741187783473268868330326110045166645739889696611803294609989084155697482504141176106850939146562436054000810765234053698534639545711525735272997910323724787741605992878581924075993119298585778256086185508870258670448709578755906329322099585549137976343502001986394289015354768373522709410118949248702569706967896,0.00000000000000000000000000022337138768136832538561817136132066559654194828501010265810718397354316098040707086578252306287431473513195565871454538722873734561466431984847357268003851362306423484458628817225216300527171197073987790905541918494628010825158104119265337789834310237940581638859734265070195552800974334940992350866134819253886554342467259655179085522638038791229461304498297768473890523333563038880249833824473031443972715737024594485860636,0.000000000000000000000000000000000000026598614419368761405148572794329547139831112925211872476954633487190307164934105733676363660864209552165319047577853495532343570261429429864468879526181502133646050597088098907315252135771089286596366641102352555258246098705456208141413792822007445215691514751587398166864555554000505756197422654205149980823937706592119430188087130253961045062915480739066975197509174307703766865110827942894365343954013470310987889462890938,0.9999717926126699790825400631349962931356905527952055544838219625714053544737832583397694902909566143712741075408960184254592836310773542945524401888348444117844014349433819236160265711911098581022609741012744574838765429241784286626106602510417138810708766589244246586045371874166707301887144389221391011975784149363400058764948688514800981820797429969404174695930065290547311674879477329620530100380379448657958561839480134,0.000028207387290400048344994637758787062611942570390263559099385052637725366459527956342548609186869921250361130425848957452956511388790032834349252393115955704186363082127746716990818758335851222971450999812920429607985189445976292299627343534358073657539158836350309518918383229293039799881100176995117685344535476673080307540545822867962031905997886688408498241555099727864684650255377992404461540485071643355710127248979352818,0.0000000000003186102920705708638672194959983460488581154858445399590189853846795638381096117042664999822608302751474147925771906258178193000824204478364123945218756577897216729461138830734152836797358952903456463889664348496150090311453173357436341400409718073458338071659083809624718630932901551210882796645720675785546665536548170529127106285813375394940798837504538266954540121292402944910691458219460419782015113346948266982101479618,0.000000000000039620869114942227244919801697504634404181957078652375956920159757213703887961099856515707475531328678132617087759857533855672613210558772039632511412201974490329666982610050554290674767574898912622086515471886375595045089712405423928045271584182239225031876544429354036230011404460900865781117077049586986913815964585325651939786014259116371174032165438371217404147861796889045542528421476983490848433688803007246326241091369,0.000000000000000068967406633020434866304323516410038086695585809236635011242889495598986239467428748364217094571639738191642333539147250921154317172844754181973727408871046373330612431315858518097015042182231998462221660666240446287442785460411151948090862684781580057529781515302107090270005924821788853488984564756621951052270805096491867985347772923192342991680150767112790404263417123902599901799126907232311656094828780783058413858123417,0.98329992416415261497539953915660613713626599953330642704203211938653504557880737853238581217606973474813532959464298441547824151799548527955718817146925092251797508887388238601892245940281640577520739267207035794343314177112578591551362636219430281023297875671696538944110072910746894275724458992680814942550968461992315531256305530579149925895589440269874782151697990155785920654923967315466742400405630758233263346668927981
0.7777777777777778,0.7777777777777777,0.0000000000000000000000000032396280901976766295349275931209671001479761030857889952786096197076511117136290284176197344638122491673046629618236060294752783607101693415961439360517670986557987019698737690550260423977650063884923825793155749991070228936970549980576929431996766156015210470382951083793731481319150890443156363615946145422290411566068312463888522637513513248077607359478304539063860186643274648764715500778314849020582121200176618212056662,0.0000000000000000000016758502723867151502501222209534578673419398742887934256908340513643335212636343807024876430777662884079968809363786513618473469622743189898493623229296498774334390178341661521425116343012448237027174342455769141729239235472263994693684459498288411582907447115782878246237755270137536215247831298466872444330810334786013120937728458060422696522478781527107044559973873674406582702890654258367817323405857088365542488926545488,0.0000000000000000039294457016400485524012400932298316686998261336777194477854365623550172594621010607962401400586522122412557992594945342408922525422436327843243703286908879063593105438567509034395120285048726448391775026358994589424531672837565718425495578964308149808308588380061605839048002146991574315784966453779211401782858656297196460550889885068184712280362386375901670200526167563025205723208130716795525760775540881267726515309880548,0.00000000000000000034900530609273481688798564773523632686003568804706157121583637422427349355832481503248880013380574932875591323116825408223551359246179172144356838495017236248191448026125606901261478044051369885625866008659614973738779064907680689860077387128059045059306898794037137709667208339255068721678702808282654111930819770519146039437431560749478569210113985086527064850749083329690111245185889666069185094624255982479357544399628878,0.027060025060696694970899967622587697174591098618838413060684726673388374450617036923431943060391368639532619776625357251393374836399622463757142929253178013150971143266072878387350672218610851179308598090909266269879386366708966889512744519856925680611003386173584530482217915500155756809606801152649397206237790058573459220484831914560639934000355532925303857649985874994405596236966982421916648406832294234834914958331983188,0.80353569318992722706264496091702038215717409898372837663718363089302201910567489428086651632556566718118551591245695282238705267146185250003948334744590519081923521195852097731531901357014936939810730079896113820175171353089745160129308518157140766675501499998510041071001498756778139897181047382938540074466207874103205653179318028432511896786656155154111286926875581176265592060445468255244643742865892182631754337767352089,0.016700075835847385024600460843393862863734000466693572957967880613464954421192621467614187823930265251864670405357015584521758482004514720442811828530749077482024911126117613981077540597183594224792607327929642056566858228874214084486373637805697189767021243283034610558899270892531057242755410073191850574490315380076844687436944694208500741044105597301252178483020098442140793450760326845332575995943692417667366533310720186,0.0000000000000000000019677410839913216916264272682425025131134313754494760920093004288515469171971306826367952968933511297537320086224227397073035998730875478305037514231813580885084785759408485067462880821174128354294702319141905517016974467293490395561447775141632274507165732413716521175330299015201388968317455161139757140109912289233551517314794172043803792213834097912235572186802872658370654857171095488767412905271721979462276525601608051,0.0000000000000000000000000062022717053737875518394288520669677160506182699576026540149339958689845367269253695680900670600424003491308290068502923127842988904612012798297540125614496327627574551655255139556389793468307470581808601304465398653243723853088992406602469947577055672314745227342869762723269530916215132261842238162587408947427813746703936975201191903558195395902307424850316418953750823927736599323403451216874891992801252801886817246662725,0.0000000000000000028271952153155814212580796892623858723175386534462041440065551559023510454453752948137440419300277024106969140166416122234284598922305278429309888250130472242783922623408612199998586759200979049496058904330796218767854804340560409291127948689425274803835284624374054185825976767610654417732482909569888776845535027108467103912366679134928400839306881688903855657951086740378743213507549100049728368262825417762965245255447436,0.000000000000000048700086772527690850765246229275440558664559420373805461210654968598723531701781560598839524787120579417134433390946709160117775274085425262058858533197752415102667539455308747534998737419674780902165334707631527196002560246700291160818409388344108811490860836889895514715568164961609282244954150232218471413217764892555185689043643321923405282505322375473219233024032263963693235801225159215750472280507754571584635127004479,0.0000000000000040837174616807502544653691919316597071430106836941769062852802773757209518464702864566778574082366989647553615475556280070124431808844516339372477194128386565015043097080942804672221781975022505176121909382547037777077266478653924271520765600618784090045416765724442380123471123739601114582574599499002179878991489150002395569269103604685766008231160978391305957824890643421098286726389030419656459541225936056001087336824863,0.00000000000000000027691111007999546322077840297813676387881186740130910275972850709249710020166271519106697665430025914886108065494482338280472287731807148552774546067047484022931913969914408134232561872715394099615799291732642670093942323337861199995055495709579627227172069114515159454617752088682888070012279664616536744205503571598708885658067824520710636010496431640197967223984085774362044536937032711089335929471522123895413422716139867,0.0000007076833914518707151264899790708491735555938307042985237474530973673282458785398048788507700001758590590565149743124604986077744811715878996676616478459616202453984913692107872908685017571950485785472319151742395974615487217112790513237563470434188120656444466086981652940396224597948903034715503924239184679452007782288784361458668786680331691378472016164370660676885539278419459188715073360420976746232282591594700756825849,0.00000000000000000000033969495925941031067010343423087057933913795525415713423567940701929209159738382288975442132897205154306908329724143822401428577592728666065929858574543464399025340516019298210636606902967563376484927589049558024012746466886203259249138296982731143975080849318514731749341786960233995458208966225660550635546034578863812257663484363102728743720121207390049411595581334414467595003125532980459759980069425226550384128291091832,0.000000000000000033781031495519708424181091021553798343789532163922651681921094615685844514903955412513717759147014766416780965395970908077900923705401653602663765842717026907447639069044218914242029427085091670711108558456122907005796590015659512191399041857017615932524370526269927360287820095437663070105443679097092229493454648245816861992115738359259021570062993254533616479643663421126408488171128510985041184639432779311853008686330214,0.0000000000000020116553040978680979814157420673248611527159551659015091680638252210185573228835617303648535679475552759276172689266564536956412528154868410943764855140204790323820278632795329883453724624133293004849578146337857170288465974014562027907579019716087376482311565275268359505675957777373048921056687089220665417343876310355252873462662956251964264760225829754338098047066471677701379238612467243164936195589033016715839082856251,0.00000000014118699400311412931434569186400638633349698752992844883000682611184311164977450089587740970823264045324229190409059457302564470538785858725077966228782351878168605298548600290918212851041676103437944552644389490149957327898129562657385087339035966699575544042352238816805167913730723046975445830166406671109712026610069273582916575118399377320482528910234856364829643406256303395290855447352326528326229446390351025821659805,0.0000000000000000000000000072973390746730054500536973364532001187477469141393180651773809343662022235347295292371267039628007145442468924541644216707034470041588509067550190294602819749958918408317768062516488247024515933612032459082470074273703607182675379529607660582133930318131437051207743257649214807612063664735251238447680010422208994212570664370915427376450833859547586996715704848342320261262725928156317649691256155309127729623669456126222875,0.000000028189528354500483848880096370220019871712570843465737786627368383821687210130601221254982963801583753920583980245787835388231297008578110171136014433352198423482116819082153687654393357086384421396672314549985717152897295191928133336136641555560138428650564440186762593663036574991253010399560514407698564121966816458578572418793859898512413562919229438916451897325287261495151906005493693742981958888651238826084040796720279,0.0000000000000000000000014547330227631017812369058425386456407457682414912547487635517412926255594360776545887450269698096162692170332831323595144104853135389585922339717446029250404719762967272613152297449901464828646623065889793246752407321170638947126304853010365164055431644592540666286319788182557261076273961040487164162290857378373530602633880048194982599620496602404991906827609460932998421557742824401635310633949230263567333006723986895675,0.00000000000000000046740308274074307111488040410594724716895731623036106774918225098748655911628666498023949063748211308506186253252170535859048708632104352087966568147954796437484013312824267737494473161790942134910932465339933512486471588087827913094292081178816482644310121706673561660693275879001162991390277156231578764084474233138246935843583471304717165922452281684629271813430128554533265776443095460508886053177972009345697725444797941,0.000000000000000000000023269189778212892180163674144208013071887512042092983461163562948055383149509910922321498500076877460869986879296178912728760669854188313215663908479657563689714456839816927001237771070615456934345810477119631290736929502956340345490355560570134358816479635485698421375510147670133594516954397190284507617224499278179317088747344662308627637054960333484973687783871579602880409805553412293338925259876906394507803318849593127,0.00000000000000000099276414591089914641898982794676492709466398849714768223820435626293861369457173893903146353749449615969601128952129740671980922259772723503595392268607076577555024141600155152429920036159758364995373475095756945585709817924798048406977558170566106957705819443952139926434663074127796927972313323261080835317857499850672660788295343608604688750630991115809268396784542831348351443291522292113924075440961673049708381360062903,0.99596416589718687108635846146190393432734526583612322765464143892608602934350256096699074441183216088319987121771823341217806114856175277516424782922672548447885481372353011928842592711027268163700869961365380253159220298535760283506381096824504301654428854804073144910787984170063117307662461631621637130509315617770193913404891229732510963468257690041294758905907867887752949311128989901883430762742298010148577797795681601,0.0000000000082054505055898694892359918211938718104437769961086307672616739228953529361962735273391102657358197156018319420119370717223069448885286545176065738137963173644279084840448123563291144684600896231339909538828110754473675956354933707716494300513334426621298556582026670406438683300440955054261788709555483261728670517794302226972426157291689884863810241788579626609572477077730520311309062088013169900647589541331426167912227146,0.00000000000001306886109932495476495173932877759479786867529736521072300224492338522219859486811815906620357862962630467430666968696023923412142666705053332139289348872516407790520675714997047406272586627247858283739546514485170840881724436922232226394652514674845303267332509185197073024873649986358507449649097154016156832775861636048520414091473133573897603228516500319361365407841278223819486199303356800864697872842987836975630169189,0.0000000000000000000000015562136265056972222041129622452678067709012215102144045515101186092411145004758894203886722283011910582563128724998077576298245447514185775887796177057224771057379551616124324513006979707522649242950477373690983040985167184227900767590283288206076134387918659882679229579343546984876481366541762790221495433619488811790125585720362831466772192035491839699512091785592888396109796705479140675468428901147952338960593725680603,0.97523721607834670576986036790536271333970624970568141972631651107901912363104209239242528374688957387003678366475240838737804863911471782985708072954029169431813949653121654908066081782758104584090437794097629190019771144435507851844196177918322046211653121990708836053165352468022063382519292386381271058279768450995114425017725677860334666579219801037263641951905627136668004460200515027709473117976763452956616500730080647,0.00002750356830853843044593267307481612800960009872873650819416996421848253203019524507510923890629634378351577247386977127160421147042780872682688066546367456423517987802137141922221221804025901922813745689311024913162562004560003480767955499302903458566532373795965131780447724047576447793883217638723814426477015912076228321825104908875198467054641941012099593479659347005602965197138534475112483660270903649120117128833759085,0.16940428174937607368632821021559374603108230967648416375396078068654369093095530288643683436470234225622140805776222760398761395323469509989015421215793961056183622721527228952690475241959993884844101147541596461146501355716001333586471344308403861831722640212238784302587191067243154835419154301987018150037658556548447934410022889049549217996917470902543181954028062182702937419464290415238855245722028529629478283002577736,0.024735280353344755799693699421562470532284150195589843765489318956762393836927712362499607014204129786179700562773721841350347149414854361416092389794244631117625323590762079500116969954378695139867484602130597850670662935599321446750358665823750503297803456354951988150541998079303601696868243959800051272937545330928093466604492172307901349537255570217242584546147135163263925746023464378154143983629656433942633821410855935,0.0040350980804816267521479090174141716946595597231460291999205039249882122215998716320895252797939007881872649733798569955462063153699243925992839951472954901900292766479862009837119335829177961670446392901512025606701301320882203857762037842951171443873122488819590645551300316505518668949750479893829149196215425945276300446254777774025644958715059016366602386117387972044884138893677436997706683908102609526107773647593340418,0.98329992416415261497539953915660613713626599953330642704203211938653504557880737853238581217606973474813532959464298441547824151799548527955718817146925092251797508887388238601892245940281640577520739267207035794343314177112578591551362636219430281023297875671696538944110072910746894275724458992680814942550968461992315531256305530579149925895589440269874782151697990155785920654923967315466742400405630758233263346668927981
0.7777777777777778,0.7777777777777777,0.0000000000000000042182579914515125744787264099658314480209084271449799450505894916680686930016139913096873273921528912563663174112424810423611015049921642480353687571956445352295250698736681062578825589048532229226519902923179828893388511986286953457968565772134988334811261182865633358358121862965348258803067693510920244795771919529580423255978338428484384880224641702402372228934319571081256581128370567839529115109329961131272619291852188,0.0000000000021820926992703263500625534285846899064786314574177342883021775477579984613477239853702672743717837583742365145031738606811569567788767033321199189497216001806406272666299589834533272775478655328465693067585348882622010690440307820956630650131268639540503629255422361698859957356358701224528316991778713839817405331033858346206593022053859404499730197613914001405477261504795298064054114508123706790308136005544653027031084477,0.0000000051164563559227862769991947788867612551289202464450809950835083915676521936860341539326564810815547752920947383787633835049690054571773174697036118007739532676809381612728940918409227846688413200143304602764826983317054451004770810108375645911439210292870787580786332784656505012865531978600008133982859809570392533394168557892483621091095617442620292009845592014597338072920911103206386777881245228315485749438961494023926963,0.00000000045443315729332031787683913764100914065180370931373736956275684343628042850599510657781226430556523775867372067604284106283421611012041946031544130064557460503134817723399067530241437796230775499055164855515853825211090454889786445860311011751835110997621998989087003945153325988959003674034679120424750997449747079615368333042759804912692879710470242803688787715677293129693305110916110581116552923566738246422274123886616675,0.032586048561941071525813692428912778057181126889526806175872228102658379101288353996681228257534119333244315614644090938916800834724099595053593224330224017771739649489236764501174563041764276802254143347132405860344468108189014042106474327332789256287843209772028371625273478468218656922764516061541588851382467598530981579000297242582867352983173739323453094571264521128394998486503952252992120464054877408307959133646025239,0.96741394567636326302832528402148907571176415032106071900207765237711173944488168328342320462971971819660720789864281004517430732720190236283171757907674213418889045438463166050610273323908023232961160054300999986111108765039736031493531012069695340653599644102027339687359924829746789163397259891706902453992008365708836958791762116573937781115642283376597448738923806469707430077894100222654610001743286726371697373830966028,0.016700075835847385024600460843393862863734000466693572957967880613464954421192621467614187823930265251864670405357015584521758482004514720442811828530749077482024911126117613981077540597183594224792607327929642056566858228874214084486373637805697189767021243283034610558899270892531057242755410073191850574490315380076844687436944694208500741044105597301252178483020098442140793450760326845332575995943692417667366533310720186,0.0000000000018523419164830796697839666875824979705401357015945050797509810847202106357375688088588483807884383109466848864561400546466959150686174327248423432157713046979755322081093357735850444737485468404525569206645422429572652720369527351545138802530558711971697523880186337636757113321980975423416678235645454972300061467974098855559320771353777632887816171928734537720489086823445139271275698304308416658492244112718750938566712218,0.0000000000000000058385363555948026664996052327042078706636856503777264505187886283556744605762044654924864143678044984390033669226189483525538758604529773476701861706267932763817490012591005950120606185751896837229298358279769954375455801831789753215884579825635298001128140791625870166663928100681119458445201111588289214793007746358375603336949808403033516541464375624909835289018240597754209587950955516268115768457014993002117614205754093,0.0000000026613929271563414411942408150647249883056534880089876457109354369032071745442891804307495250256965184238372043350819316372848320020307136487572178533475898561338299125598478792358125745982331016315277321340594838357520913907516545229097653819406035394616471256775074623014511576038632652710685498903006029222966115044899660125107407284296224527738729457434391625495868651616088883028296305019378778621018507786775748807679946,0.000000045844045641481437853110903553100300380396261144364153204867887918232647661185253005079777779413123705282403176687729263614263125312078357279657745725448592760328023172176946663801210038785779499307093980386579360246044277605761479072987334360570971385017557416774912092794473212151957423340132648721515438628716619785224402158186413644699504891971611852304850960139983710866858307894667023689280973904531180404740328827888438,0.0000038450786143428680780879751312525142368167716351929818413129908766657818893979005830317901739899675390273139722462047449017216372990994027978118104872216727646130029549739398976987401059723648433887928428668817235611798760233528499620985460271387708678457477269245307021970212869822464141918186802950548456996495013841414783622187826928425412411085738990220689969756368450004465336992824826436089223522263235382322207938056293,0.00000000000000000024107884704465381994859726363767776821183314941381494629290331670633667349500690159130545464555961647481522584460455646113090506003888895106792547408163817049871200255586363329058107833065485114949813890899307284896524795921862907177019309311138007453404421934350301287150166239637638785675517366825993575801632620170835118184512076853324817993962673326064910771377512892456507494008381569810984232483978093629699852851818205,0.00000061610924904595442213782413915569531396643269131879698383280133944081569741637941693159051856378506656858816656683858045589259487367713251765166281500716967926237578250691699243847649946100409488452920804574234687575756091163947783996303729846320721992666240130907764171210481875245393920508561637226311361025410759576492079083912780468708213831888185692541539453345995303417792358459256036844086925955600607870612156646412598,0.00000000000031977337718532590604283939143506298838934422155883347828763757001145377844817048359067018703053524324333967075088095867901883473461093870547471041166600012787052513506831716959289147828248729269435249807918663254983081835710975809194420815275819195059090028814979340212023034104043682811612498955681454117124410565211987768391370802286189441408114375906091547491733479282718213959549374930037982893229357081143985606531942946,0.000000031799925879609493341998671630070470369498080426174746824195170844224574163711251801279802168169722728147497696943980704874505257778825845789378966484710770106188703002592420745264381718272761810911103595357768937415839007712888603920173237491825739983043137280768102942017838667260505818578391813770056287378327478159374607693505091670091416656989953853480403825940430013593462737927856800477942403381575745069632335819953631,0.0000018936807650210391515363542568113186386078599916288732955735928360602375266176149903991634451887778331697415867422037963058853821375031552051328437670169741822639831352983916385235948123513707863084192207050282002472816364694823719095174939579290799706854079022737596659753780921093849544469834484424891691058164994261978117860323700607959064865701924953581413025396305295225192796503496559987540730060859580421168836010583346,0.13290701158901459338258583457405411663194346022744568372078925917715979434733370699097844523188668619954365442853443608055498022215757078099051991430103870082685592619921994957790843618381151841750729624108070663991261271982046689212320668311525425524958116058839738680502800766945073624024050348006589535932761809027223865270141538969432534215814097780290641719087739987221691585904886262645163608678822056328750708690581786,0.0000000000000000000000000063516552292970649868959365500114081421175346803732667393052320208624298413522236076976268056721268920722699207385505715442262713231729789765283224971732052391910459469650207086264740722479983452219342486749552639045559280732541374087247380166734841156333757611350880151140954240581350043194879655520783601745175585366769703709822606067204557258505276791469580672595540772208029519266170944001634676989776641053052296930745602,0.00000002454180690862251495435129667839018091272024285070100436946953718632861680616750618922355928776999518561574595291970181561481495754852223536964928810346815592155805650593555430046688490283852932868685472924357519027945811715094825208285247056457144371947882104855474674274613150839266373801509151892681322318839060634937701987840704853457129563221973558371588061177185582647542366997504882494252519569010826619430185592474122,0.0000000000000013694194715345594178586541997401120001125664645459047374177091964269424787475968698556912173096017019068033785795336837811215746777235834501008874580529159168627032182229908829015758067275822746145088722729933208161336955537005114865502319096973063992288783944658910123800668029147100238514266161261810894350231452858187809418347842358410285424122016915564807559934828034564493853488597333843114043556807224113935566774223881,0.00000000043999199340694645210135575278313631051612249076942705799601924638433736780557003311571522412750247112062510951062159172827974433227334615914062984535565775173252414825695098456527032103308183470575886216285261496647633605225579562419260419198210220876052068498304106572024930154295009810882495610179114282629921202209696363762164238208933531349701646871106559177827896998128180693280483137727068301258486714970283990043259295,0.000000000000021904556417227162353257130689016486369555428783652911201739408371446634965638777161284037645247236827437328401749138719343049716592414614355913647611931294600160437791413384490667403666126064044319571560524599229164911171089147741596129616902703529213344779395889780578424919611745309270931237366240525545910641564877041602124454841433224047994980770201691015714950888886023661554030989325926371101899831675487240981556624292,0.00000000093454299227326215324651424819731525924023742493540008425517428818451059331572211036816698239030460384213233031634098280312536734312301453946293562922580297003045791001668129292028246784248822855907182744227377663111856487390664935683281340932333860416210191804200206333585299923128399072671965642171088880300043568353727969165952432032934731357218426979257058549316155847706516569545613500243569760945113209480577124855068183,0.8670865273080633982499298023851791211856173577531744827349011958372901107013818304005407390115080888657266639609592211180399565620278487655937426872888504065595248791301844446848242706347391190456093543616826238517542528167164877558496505884540472536656925025696830191635356717190325988843100144727486684444005161776128110119591439535729048180565174908431828855934739117488918959303352454117272538071829768856720068841663538,0.000000000007143666235703286670331629817001147902221840992703754225875904897402119968731291115781218441347381536693581402362876003702949478110990229504755664957532891299663325072098276843114375796131707715055007272732156067581192076676708144843605207860278544176839728805575692758864075283719628308280252291961843079239596157852487878976138272291118464036142650307850494005540764279014985668425601577750951941064417737118663556504710754,0.000000000000000000000010520240205038786804707696419355227926982870197770356330852163763645743818992239458963060165670424262622430482563148213033547626612985058505214421917526990373523534138844161731845928402870618924750553380623692272938992758089154128188616722867162114355267329594738031033619565728807631390199884852784971265230960458694478714344761952895623249002545539985837399003069577591212484606787118037826162106877354167103467182915124206,0.0000000000000000000000000000000012527289896776161212618563133067341530159806549532251236614805520853025480907416207984867724753982229586985125367051798057384448565742333897632344076470955184959220257679168196295964575599115241104994416138212166762991586851820053450034001088010235637797374842083500965916561963804244446095772830948969329508398400557004122914146867602416438117149087204489239804085302543681539512739715751954616506203295073182086286519816094,0.99997179258925394227495847517999291721335990666902776526381228177839406337100868196589682945955356864961700929832519218245024319461546707286503699122180249133344815343072344707085833228316802836726486049221494438761771365946598704175232583585567147049885511017099911892473760084610730268031719392695653236071464245374988852042450921452693672195698504039069924446761859385494467001833490499171230756655340330998249841484323646,0.000028207387289739524494304824027815800515812646388684273437393105570147452888453729302236418781536098961656760562363068771236989641181269452089255013155281782157220447948628881428088345880482751592190279807281080695021908541436293526603148715570324576053416020817216890051677717668668026591807049405831835284248068771639126914403055067030271271570391299851373113485830042850298396282282065340971081605596762672516115581728434867,0.00000000018862405531222611087198910179597322713637843958490559344068252385154985039844988961529315849896935228541751219023317599834713847567697405824969657963475166603756007398968290771869689470155475666727569321749268247701709203520038810180522421770390476877685028712495560086068035869567159400205412442667931707777015968483096468442309304982069310224542928123419476517723901310161939717613092635557277579777538460843796242367433729,0.000000000023456318200547219995979266986124280684583550462750325116035789176102864304800934121664895251421333941112444748778519815743351657682873753765042226884394626121327924047713579370951488881142949227977774531687264431992576664721071015428758204925091473808183664185210721436224029293090999023637635804001109477478472352661087730406033006771444568309449382418895576102205031585382812942946721351840999927344985469575035105774821871,0.0000000000032481943709502216850093061061522362685800730561971159924924636666311162674062547744223527918942610923489772524963010862962500587052925593888229267059310991090405351156037863188561583472293489824923670212357739102539257256969382221337456637979011478120305998887731091024468442220441659267691977408934269848251713140722951225075845161984536436816941348677829824433308663150214447012590763333863945805199803458544625157509937902,0.98329992416415261497539953915660613713626599953330642704203211938653504557880737853238581217606973474813532959464298441547824151799548527955718817146925092251797508887388238601892245940281640577520739267207035794343314177112578591551362636219430281023297875671696538944110072910746894275724458992680814942550968461992315531256305530579149925895589440269874782151697990155785920654923967315466742400405630758233263346668927981
